19.21	568
19.77	591
20.15	761
20.78	702
21.17	659
21.40	710
21.43	555
21.64	661
21.79	728
21.99	797
21.99	743
22.04	738
22.16	678
22.20	15
22.28	544
22.30	638
22.58	51
22.59	711
22.81	640
22.94	636
23.08	639
23.11	663
23.17	627
23.25	771
23.32	571
23.39	541
23.41	712
23.47	734
23.55	558
23.60	643
23.62	760
23.64	652
23.71	736
23.73	766
23.75	660
23.81	540
23.85	684
23.87	785
23.92	767
23.93	726
24.02	561
24.09	656
24.09	604
24.12	598
24.13	617
24.20	595
24.29	588
24.30	749
24.33	98
24.33	642
24.34	758
24.35	729
24.39	794
24.43	741
24.53	739
24.54	613
24.54	580
24.55	611
24.59	600
24.64	782
24.69	560
24.73	673
24.78	621
24.79	632
24.82	708
24.85	4
24.89	644
24.89	789
24.91	800
24.93	679
24.95	100
24.96	667
25.00	730
25.01	759
25.08	119
25.08	757
25.09	606
25.10	18
25.12	607
25.15	99
25.15	795
25.16	772
25.16	587
25.18	620
25.19	779
25.19	629
25.26	680
25.29	552
25.30	567
25.31	799
25.40	87
25.42	623
25.42	699
25.43	698
25.44	556
25.45	625
25.45	773
25.48	762
25.48	605
25.49	740
25.50	703
25.51	704
25.61	543
25.63	666
25.64	547
25.67	756
25.69	565
25.71	646
25.72	574
25.77	559
25.78	630
25.81	747
25.87	750
25.87	745
25.89	576
25.89	549
25.93	696
25.93	557
25.93	787
25.93	586
25.94	603
25.95	733
25.99	554
26.03	803
26.03	562
26.03	653
26.07	584
26.08	1
26.08	682
26.11	791
26.11	628
26.12	796
26.12	694
26.14	664
26.16	672
26.20	12
26.21	722
26.23	20
26.23	717
26.23	548
26.27	768
26.28	545
26.38	778
26.41	731
26.43	788
26.45	542
26.45	77
26.49	719
26.50	744
26.55	16
26.58	626
26.58	608
26.63	601
26.65	58
26.69	622
26.69	751
26.70	669
26.70	769
26.71	657
26.71	748
26.71	688
26.72	596
26.74	718
26.74	687
26.75	805
26.76	578
26.78	19
26.78	792
26.79	746
26.79	801
26.80	690
26.93	144
26.93	806
26.95	804
26.95	781
26.95	624
26.98	551
27.00	203
27.08	754
27.09	774
27.09	683
27.10	695
27.13	637
27.14	563
27.15	71
27.18	60
27.19	693
27.23	612
27.23	593
27.27	553
27.28	705
27.29	700
27.36	697
27.39	589
27.39	724
27.43	22
27.43	81
27.43	597
27.45	720
27.49	692
27.49	770
27.51	610
27.53	677
27.58	89
27.58	631
27.59	649
27.59	714
27.63	80
27.63	689
27.64	573
27.67	784
27.68	9
27.68	645
27.69	752
27.71	807
27.72	706
27.75	96
27.75	154
27.78	8
27.79	577
27.79	616
27.84	765
27.85	775
27.87	802
27.91	609
27.93	668
27.98	615
28.00	641
28.03	582
28.04	590
28.09	727
28.15	651
28.17	594
28.20	648
28.27	793
28.30	579
28.36	572
28.38	147
28.45	150
28.47	776
28.47	701
28.51	602
28.55	158
28.62	575
28.63	742
28.65	662
28.70	618
28.71	777
28.73	140
28.73	723
28.79	691
28.92	619
28.95	581
28.95	737
28.98	780
28.99	685
29.01	564
29.04	566
29.06	670
29.08	763
29.20	786
29.23	721
29.35	585
29.36	614
29.42	570
29.44	675
29.44	647
29.45	162
29.45	654
29.53	583
29.55	194
29.58	143
29.62	715
29.63	790
29.79	569
29.79	713
29.79	686
29.82	546
29.95	157
29.96	732
30.18	725
30.19	735
30.36	764
30.39	681
30.40	635
30.59	783
30.59	716
30.61	655
30.63	592
30.65	676
30.71	634
30.72	650
30.78	665
30.86	809
30.91	755
30.92	709
31.10	550
31.16	753
31.43	707
31.53	226
31.73	151
32.05	633
32.23	599
32.45	658
32.68	671
32.75	808
32.85	798
33.34	674
33.55	161
33.58	204
33.90	214
34.83	146
38.53	117
38.55	118
38.85	52
39.55	93
39.88	136
40.38	141
41.03	203
43.60	194
45.58	226
47.48	204
47.68	214
47.93	152
53.85	159
55.07	307
55.25	471
55.64	273
55.67	336
55.86	475
56.17	325
56.56	394
56.67	451
56.72	314
56.80	467
57.08	279
57.26	349
57.40	462
57.41	345
57.44	352
57.69	291
57.81	296
57.86	311
58.02	520
58.06	377
58.06	366
58.10	516
58.16	379
58.28	391
58.32	326
58.39	383
58.45	365
58.45	278
58.53	145
58.63	483
58.90	9
58.98	400
59.00	489
59.18	396
59.35	472
59.38	347
59.39	335
59.40	201
59.40	318
59.44	490
59.44	486
59.45	401
59.51	527
59.60	205
59.73	26
59.73	316
59.83	460
59.85	353
59.87	524
59.92	286
59.96	392
59.99	327
60.00	8
60.02	343
60.11	360
60.16	397
60.16	354
60.22	277
60.24	290
60.29	299
60.32	477
60.41	505
60.43	324
60.46	303
60.52	378
60.62	443
60.66	344
60.76	509
60.80	506
60.85	380
60.88	288
60.95	295
60.96	452
60.97	521
61.20	197
61.32	374
61.35	441
61.41	500
61.42	368
61.42	453
61.42	465
61.45	192
61.54	539
61.60	181
61.73	442
61.76	501
61.76	375
61.77	503
61.81	333
61.87	502
61.93	282
61.96	382
61.99	308
62.05	454
62.06	276
62.07	393
62.08	496
62.09	476
62.12	389
62.35	213
62.48	351
62.50	246
62.50	481
62.54	513
62.55	526
62.72	275
62.73	381
62.77	363
62.79	508
62.83	448
62.91	482
62.91	362
63.06	370
63.07	302
63.12	492
63.20	202
63.28	216
63.32	533
63.33	371
63.36	342
63.40	398
63.41	330
63.41	499
63.45	535
63.46	522
63.49	358
63.56	272
63.57	498
63.58	403
63.59	532
63.62	320
63.71	536
63.73	466
63.73	384
63.75	449
63.75	373
63.77	319
63.78	497
63.82	474
63.83	469
63.86	402
63.87	338
63.94	464
63.97	328
64.01	491
64.05	495
64.10	386
64.12	473
64.16	334
64.17	310
64.18	361
64.19	317
64.19	348
64.22	315
64.23	285
64.24	493
64.24	309
64.25	220
64.28	301
64.28	364
64.30	235
64.35	339
64.36	538
64.45	350
64.45	280
64.45	79
64.45	207
64.52	529
64.53	463
64.54	293
64.58	254
64.63	337
64.65	287
64.74	359
64.77	385
64.77	399
64.78	12
64.81	357
64.83	236
64.88	456
64.91	440
64.94	355
65.01	457
65.02	518
65.03	163
65.05	190
65.09	461
65.21	459
65.24	283
65.28	195
65.30	182
65.32	331
65.33	219
65.43	173
65.55	183
65.55	312
65.59	523
65.59	306
65.65	233
65.71	510
65.72	289
65.73	534
65.75	530
65.79	517
65.80	446
65.82	305
65.83	512
65.85	376
65.88	257
65.93	206
65.93	232
65.94	525
66.02	388
66.10	184
66.14	294
66.15	231
66.16	458
66.16	304
66.19	447
66.25	356
66.30	15
66.30	270
66.33	487
66.33	504
66.34	369
66.46	455
66.53	367
66.55	211
66.55	226
66.60	135
66.62	537
66.67	507
66.70	212
66.70	230
66.72	514
66.73	243
66.91	478
66.98	172
67.00	222
67.01	519
67.11	332
67.33	250
67.33	297
67.38	251
67.55	470
67.65	340
67.70	171
67.70	313
67.72	292
67.73	196
67.73	298
67.78	225
67.81	468
67.83	256
67.90	227
68.00	223
68.01	479
68.02	281
68.05	322
68.10	238
68.13	204
68.17	300
68.17	450
68.18	19
68.18	221
68.23	194
68.25	203
68.35	193
68.40	228
68.45	404
68.48	444
68.55	239
68.56	372
68.61	531
68.78	252
68.79	387
69.14	485
69.19	341
69.25	186
69.27	445
69.29	395
69.43	191
69.46	515
69.52	271
69.54	528
69.95	201
69.98	187
70.03	263
70.05	480
70.06	346
70.08	229
70.10	234
70.13	265
70.13	274
70.14	323
70.14	329
70.15	205
70.20	242
70.25	494
70.27	284
70.35	217
70.40	253
70.55	185
70.58	321
70.70	247
70.73	255
70.78	244
71.00	237
71.05	176
71.38	248
71.38	262
71.47	488
71.48	266
71.60	199
71.68	208
71.70	197
71.80	192
71.94	484
72.05	240
72.10	178
72.10	264
72.13	181
72.25	200
72.50	188
72.55	177
72.55	215
72.58	213
72.83	224
72.88	246
73.00	198
73.05	174
73.38	202
73.45	80
73.45	245
73.50	216
73.65	89
73.90	69
73.93	175
73.98	78
74.08	170
74.38	180
74.45	235
74.53	148
74.53	210
74.58	209
74.60	22
74.60	220
74.65	207
74.80	254
74.83	147
74.88	151
74.95	236
75.05	155
75.10	154
75.13	158
75.15	150
75.25	157
75.35	144
75.38	162
75.38	195
75.45	143
75.45	190
75.50	182
75.53	241
75.58	161
75.58	214
75.68	183
75.68	511
75.70	189
75.70	218
75.72	390
75.73	173
75.73	233
75.80	152
75.80	160
75.83	164
75.85	219
76.00	206
76.05	232
76.10	165
76.35	153
76.35	169
76.38	184
76.53	257
77.40	267
77.95	249
79.28	258
79.60	261
82.40	179
82.68	268
82.78	259
83.33	181
83.80	260
83.83	248
83.85	202
83.93	216
83.93	262
83.95	266
84.03	199
84.25	215
84.28	200
84.28	240
84.28	264
84.38	178
84.48	235
84.55	188
84.60	177
84.63	207
84.78	174
84.80	198
84.80	236
84.95	224
84.98	245
85.18	195
85.20	220
85.28	254
85.45	183
85.48	182
85.48	233
85.50	175
85.68	15
85.68	232
85.70	206
85.73	12
85.83	11
85.88	184
85.93	170
86.00	210
86.05	16
86.05	180
86.15	23
86.15	173
86.15	231
86.18	19
86.23	209
86.25	211
86.35	243
86.43	212
86.48	13
86.50	190
86.58	222
86.88	5
86.88	226
87.15	218
87.18	8
87.23	196
87.35	189
87.43	214
87.48	225
87.48	227
87.73	223
87.83	221
87.83	230
88.03	193
88.08	172
88.38	219
88.53	205
88.55	201
88.55	267
88.78	257
88.80	194
88.80	228
88.83	256
88.90	249
89.10	238
89.23	204
89.25	203
89.35	186
89.35	241
89.75	252
89.93	191
89.98	258
90.00	251
90.20	234
90.25	171
90.35	261
90.38	217
90.45	192
90.53	242
90.63	185
90.78	187
90.80	244
91.08	253
91.15	237
91.35	255
91.48	247
91.50	213
91.55	197
91.85	202
92.03	216
92.23	176
92.23	208
92.63	215
92.90	235
92.93	200
93.15	246
93.30	179
93.33	245
93.38	147
93.53	150
93.55	143
93.55	268
93.63	236
93.68	259
93.70	174
93.70	224
93.90	195
93.95	154
94.03	207
94.05	146
94.15	157
94.35	148
94.38	233
94.48	144
94.50	140
94.50	151
94.53	158
94.65	141
94.73	260
94.78	206
94.90	161
95.03	162
95.05	155
95.28	139
95.30	165
95.40	153
95.90	232
102.05	186
102.18	191
102.30	204
102.50	242
102.98	237
103.13	216
103.15	202
103.80	245
103.98	235
104.35	224
105.00	195
105.53	233
106.00	206
107.00	212
107.45	22
107.45	222
107.45	225
107.55	223
107.75	19
107.93	214
108.03	15
108.18	193
108.78	12
108.93	234
110.02	1031
110.03	236
111.83	215
112.03	203
113.13	196
113.13	213
113.29	854
113.64	817
113.73	224
113.98	928
114.38	221
116.13	118
116.75	154
116.85	147
116.85	150
117.03	977
117.88	157
117.90	143
117.93	151
118.38	887
118.51	1026
119.68	77
120.45	964
120.63	889
121.02	845
121.35	214
121.43	216
121.59	968
121.66	844
121.80	79
122.06	846
122.21	896
122.76	1058
122.91	813
123.08	983
123.60	86
123.63	1057
123.74	883
124.28	824
124.29	820
124.45	827
124.53	215
124.85	44
124.95	36
125.50	73
125.63	918
125.88	960
125.99	1052
126.00	35
126.12	999
126.15	919
126.63	830
126.64	915
126.82	836
126.93	108
127.02	976
127.03	962
127.33	1006
127.38	224
127.40	8
127.40	109
127.51	1007
127.55	16
127.60	5
127.73	1069
127.75	9
127.75	823
127.88	1005
127.91	1048
128.03	1059
128.07	997
128.66	1018
128.70	858
128.78	2
128.81	958
128.89	925
128.98	867
128.99	1011
129.00	13
129.00	118
129.08	923
129.19	886
129.50	11
129.59	970
129.80	965
130.02	1038
130.13	105
130.16	1002
130.23	1047
130.25	1027
130.25	1049
130.33	150
130.42	996
130.48	839
130.62	895
130.65	1051
130.68	812
130.70	195
130.72	905
130.82	944
130.84	1015
130.95	196
131.10	173
131.19	1077
131.29	981
131.48	242
131.48	989
131.49	991
131.67	1009
131.68	872
131.70	1016
131.75	818
131.96	1024
132.02	992
132.18	947
132.19	942
132.48	247
132.48	1001
132.70	897
132.71	864
132.71	956
132.73	1064
132.89	859
132.96	936
132.96	868
133.00	197
133.10	205
133.10	878
133.18	201
133.23	978
133.37	849
133.40	1050
133.52	828
133.56	871
133.58	907
133.70	192
133.72	932
133.80	876
133.87	933
133.98	945
133.99	1056
134.08	865
134.10	214
134.10	217
134.21	1054
134.21	929
134.37	1043
134.50	206
134.52	957
134.56	975
134.66	841
134.66	855
134.83	1040
134.91	966
134.95	115
134.98	87
135.01	974
135.05	1070
135.13	879
135.15	49
135.15	58
135.20	68
135.25	1046
135.26	934
135.26	987
135.27	833
135.34	908
135.41	1032
135.43	870
135.44	1030
135.53	946
135.65	61
135.65	884
135.70	97
135.70	237
135.72	986
135.73	903
135.84	863
135.85	39
135.88	186
135.90	973
135.93	66
136.00	1014
136.01	953
136.11	842
136.17	969
136.18	998
136.18	1063
136.29	1025
136.35	1036
136.53	882
136.58	119
136.61	832
136.63	208
136.71	954
136.80	55
136.83	187
136.85	825
136.88	69
136.93	913
137.02	1072
137.03	888
137.07	822
137.09	950
137.10	98
137.12	935
137.13	233
137.14	1061
137.14	972
137.18	60
137.18	122
137.37	926
137.43	147
137.43	182
137.54	1037
137.68	949
137.71	881
137.74	1079
137.82	860
137.82	816
137.92	917
137.93	191
137.95	228
138.00	93
138.00	244
138.02	927
138.03	45
138.05	204
138.10	994
138.15	222
138.18	995
138.19	819
138.21	988
138.33	72
138.45	215
138.48	146
138.59	843
138.60	78
138.60	132
138.60	238
138.66	943
138.75	236
138.98	1041
138.99	901
139.00	1019
139.03	979
139.05	54
139.08	1023
139.10	53
139.10	226
139.13	74
139.25	126
139.28	71
139.28	123
139.36	1067
139.38	103
139.43	246
139.45	241
139.48	848
139.50	50
139.63	961
139.69	971
139.75	107
139.83	861
139.88	143
139.98	254
140.04	937
140.13	811
140.16	914
140.17	984
140.20	1042
140.28	181
140.38	862
140.40	117
140.47	874
140.48	91
140.48	829
140.50	116
140.68	248
140.82	909
141.01	922
141.10	826
141.18	213
141.19	900
141.30	1012
141.32	898
141.34	938
141.40	59
141.44	851
141.45	67
141.48	38
141.53	51
141.57	952
141.63	88
141.69	814
141.70	227
141.71	912
141.76	810
141.83	840
141.87	1039
141.88	894
141.93	184
142.05	70
142.05	951
142.07	1000
142.09	980
142.13	99
142.13	916
142.14	931
142.18	96
142.23	47
142.23	911
142.35	185
142.38	1060
142.43	52
142.48	90
142.51	1045
142.53	56
142.56	1066
142.64	1004
142.68	106
142.75	893
142.78	46
142.86	815
142.87	890
142.90	89
143.00	112
143.04	940
143.14	1017
143.15	80
143.18	65
143.19	921
143.22	891
143.33	102
143.34	930
143.43	40
143.43	220
143.43	1055
143.45	1010
143.50	105
143.50	1068
143.58	173
143.60	1008
143.63	41
143.63	101
143.65	81
143.70	232
143.83	1065
143.90	127
143.90	242
143.97	1074
144.01	852
144.05	202
144.08	63
144.13	104
144.14	939
144.15	253
144.23	37
144.24	857
144.25	82
144.30	121
144.33	64
144.35	83
144.38	128
144.39	993
144.40	75
144.43	100
144.43	231
144.45	834
144.49	906
144.50	831
144.59	821
144.68	1062
144.70	982
144.70	92
144.70	111
144.78	84
144.79	873
144.83	22
144.84	1034
144.85	15
145.00	19
145.00	247
145.05	113
145.10	197
145.18	120
145.18	194
145.20	42
145.23	235
145.26	904
145.30	869
145.33	110
145.34	1071
145.40	18
145.43	12
145.43	85
145.44	1022
145.45	25
145.55	230
145.58	23
145.63	26
145.68	985
145.68	856
145.71	948
145.82	959
145.85	129
145.88	6
145.91	910
145.95	21
146.00	29
146.03	899
146.09	837
146.15	20
146.25	130
146.30	16
146.36	1073
146.37	835
146.38	4
146.38	176
146.39	875
146.40	9
146.40	14
146.43	43
146.53	125
146.78	7
146.95	224
147.05	847
147.18	237
147.23	207
147.25	1075
147.29	1053
147.33	174
147.35	201
147.45	967
147.45	186
147.53	245
147.93	212
148.11	885
148.13	208
148.15	151
148.45	182
148.45	183
148.49	850
148.53	187
148.57	902
148.80	161
148.83	1003
148.98	838
149.08	228
149.13	171
149.18	162
149.18	191
149.31	853
149.34	1035
149.40	158
149.48	144
149.51	1033
149.53	155
149.68	941
149.95	244
150.08	1044
150.09	990
150.13	165
150.15	238
150.65	1021
150.75	1028
150.79	1076
150.97	924
151.23	241
151.25	240
151.48	200
151.53	243
151.62	880
151.65	225
151.73	193
151.85	223
151.88	255
152.54	963
152.83	234
152.88	877
152.93	190
153.25	177
153.27	920
153.43	256
153.78	175
154.18	188
154.43	198
154.58	211
154.59	1013
154.69	892
154.70	248
154.82	1020
155.18	251
155.48	252
155.50	172
155.62	866
156.89	955
156.90	203
157.30	257
157.50	231
157.60	239
157.93	253
158.00	218
158.81	1029
158.85	209
158.93	199
159.14	1078
159.28	174
160.75	220
161.65	229
161.75	264
162.00	210
162.25	183
162.35	207
162.93	200
163.05	255
163.63	243
164.08	230
164.13	262
164.93	175
165.10	190
165.23	256
165.63	240
166.05	263
166.13	198
166.35	211
166.70	176
166.93	265
166.95	252
167.08	172
167.13	188
167.15	171
167.48	177
167.85	180
168.53	136
168.53	140
168.55	137
168.60	152
168.65	218
168.68	148
168.70	141
168.85	143
169.15	145
169.25	139
169.30	159
169.73	156
169.75	251
169.83	168
169.98	160
169.98	164
19.21	567
19.77	590
20.15	760
20.78	701
21.17	658
21.28	27
21.40	709
21.43	554
21.64	660
21.79	727
21.99	796
21.99	742
22.04	737
22.13	50
22.16	677
22.28	543
22.30	637
22.59	710
22.81	639
22.94	635
23.08	638
23.11	662
23.17	626
23.25	770
23.32	570
23.39	540
23.40	14
23.41	711
23.47	733
23.55	557
23.60	642
23.62	759
23.64	651
23.71	735
23.73	765
23.75	659
23.85	683
23.87	784
23.92	766
23.93	725
24.02	560
24.09	655
24.09	603
24.12	597
24.13	616
24.18	161
24.20	594
24.29	587
24.30	748
24.33	641
24.34	757
24.35	728
24.39	793
24.43	740
24.53	738
24.54	612
24.54	579
24.55	610
24.59	599
24.64	781
24.69	559
24.73	672
24.78	620
24.79	631
24.82	707
24.89	643
24.89	788
24.91	799
24.93	678
24.96	666
25.00	729
25.01	758
25.08	756
25.09	605
25.10	97
25.10	99
25.12	606
25.15	794
25.16	771
25.16	586
25.18	619
25.19	778
25.19	628
25.26	679
25.29	551
25.30	566
25.31	798
25.42	622
25.42	698
25.43	697
25.44	555
25.45	624
25.45	772
25.48	761
25.48	604
25.49	739
25.50	702
25.51	703
25.58	98
25.61	542
25.63	665
25.64	546
25.67	755
25.68	19
25.69	564
25.71	645
25.72	573
25.73	20
25.77	558
25.78	629
25.81	746
25.87	749
25.87	744
25.89	575
25.89	548
25.93	695
25.93	556
25.93	786
25.93	585
25.94	602
25.95	732
25.99	553
26.03	802
26.03	561
26.03	652
26.07	583
26.08	681
26.11	790
26.11	627
26.12	795
26.12	693
26.14	663
26.16	671
26.21	721
26.23	716
26.23	547
26.25	143
26.27	767
26.28	544
26.38	777
26.41	730
26.43	15
26.43	787
26.45	541
26.49	718
26.50	743
26.58	625
26.58	607
26.63	600
26.69	621
26.69	750
26.70	668
26.70	768
26.71	656
26.71	747
26.71	687
26.72	595
26.73	70
26.73	86
26.74	717
26.74	686
26.75	804
26.76	577
26.78	791
26.79	745
26.79	800
26.80	689
26.90	26
26.93	805
26.95	803
26.95	780
26.95	623
26.98	80
26.98	550
27.03	11
27.03	59
27.08	16
27.08	753
27.09	773
27.09	682
27.10	694
27.13	636
27.14	562
27.15	8
27.19	692
27.23	611
27.23	592
27.27	552
27.28	704
27.29	699
27.36	696
27.38	79
27.39	588
27.39	723
27.43	596
27.45	719
27.48	57
27.49	691
27.49	769
27.51	609
27.53	676
27.58	630
27.59	648
27.59	713
27.63	688
27.64	572
27.65	18
27.67	783
27.68	644
27.69	751
27.71	806
27.72	705
27.75	88
27.78	91
27.79	576
27.79	615
27.84	764
27.85	774
27.87	801
27.90	157
27.91	608
27.93	667
27.98	101
27.98	614
27.99	809
28.00	640
28.03	581
28.04	589
28.05	76
28.09	726
28.15	650
28.17	593
28.20	647
28.20	13
28.27	792
28.30	578
28.36	571
28.45	147
28.47	775
28.47	700
28.51	601
28.62	574
28.63	741
28.65	661
28.65	12
28.70	617
28.70	158
28.71	776
28.73	722
28.79	690
28.85	154
28.92	618
28.95	580
28.95	736
28.98	779
28.99	684
29.01	563
29.04	565
29.06	669
29.08	762
29.20	785
29.23	720
29.35	584
29.36	613
29.42	569
29.44	674
29.44	646
29.45	653
29.53	582
29.62	714
29.63	789
29.79	568
29.79	712
29.79	685
29.82	545
29.83	151
29.96	731
30.05	155
30.18	724
30.19	734
30.30	153
30.36	763
30.39	680
30.40	634
30.59	782
30.59	715
30.61	654
30.63	591
30.65	675
30.71	633
30.72	649
30.73	150
30.78	664
30.86	808
30.91	754
30.92	708
31.10	549
31.16	752
31.30	146
31.43	706
31.70	225
32.05	632
32.23	598
32.45	657
32.68	670
32.75	807
32.85	797
33.34	673
33.55	144
33.58	148
35.00	140
38.28	9
45.53	152
45.75	225
49.33	168
55.07	306
55.25	470
55.43	159
55.64	272
55.67	335
55.86	474
56.17	324
56.56	393
56.67	450
56.72	313
56.80	466
57.08	145
57.08	278
57.26	348
57.40	461
57.41	344
57.44	351
57.69	290
57.81	295
57.86	310
58.02	519
58.06	376
58.06	365
58.10	515
58.16	378
58.28	390
58.32	325
58.39	382
58.45	364
58.45	277
58.60	8
58.63	482
58.75	2
58.98	399
59.00	488
59.16	539
59.18	395
59.35	471
59.38	346
59.39	334
59.40	317
59.44	489
59.44	485
59.45	400
59.51	526
59.60	20
59.68	204
59.73	315
59.83	459
59.85	352
59.87	523
59.92	285
59.96	391
59.99	326
60.02	342
60.10	200
60.11	359
60.16	396
60.16	353
60.22	276
60.24	289
60.29	298
60.32	476
60.41	504
60.43	323
60.46	302
60.52	377
60.62	442
60.66	343
60.76	508
60.80	505
60.85	379
60.88	287
60.90	196
60.95	294
60.96	451
60.97	520
61.32	373
61.35	440
61.41	499
61.42	367
61.42	452
61.42	464
61.54	538
61.73	441
61.76	500
61.76	374
61.77	502
61.81	332
61.83	191
61.87	501
61.93	281
61.96	381
61.99	307
62.05	453
62.06	275
62.07	392
62.08	495
62.09	475
62.12	388
62.28	245
62.48	350
62.50	480
62.53	212
62.54	512
62.55	525
62.72	274
62.73	380
62.77	362
62.79	507
62.83	447
62.91	481
62.91	361
62.98	180
63.06	369
63.07	301
63.12	491
63.20	215
63.32	532
63.33	370
63.36	341
63.40	397
63.41	329
63.41	498
63.45	534
63.46	521
63.49	357
63.53	201
63.56	271
63.57	497
63.58	402
63.59	531
63.62	319
63.71	535
63.73	218
63.73	465
63.73	383
63.75	448
63.75	372
63.75	15
63.77	318
63.78	19
63.78	496
63.82	473
63.83	468
63.86	401
63.87	337
63.94	463
63.97	327
64.01	490
64.05	494
64.10	385
64.12	472
64.16	333
64.17	309
64.18	360
64.19	316
64.19	347
64.22	314
64.23	206
64.23	284
64.24	492
64.24	308
64.28	300
64.28	363
64.30	234
64.35	338
64.36	537
64.45	349
64.45	279
64.52	528
64.53	462
64.54	292
64.61	404
64.63	336
64.65	286
64.70	235
64.70	253
64.74	358
64.77	384
64.77	398
64.78	256
64.81	356
64.88	455
64.94	354
65.00	163
65.01	456
65.02	517
65.09	460
65.21	458
65.24	282
65.28	194
65.32	330
65.55	311
65.59	522
65.59	305
65.71	509
65.72	288
65.73	533
65.75	529
65.79	516
65.80	445
65.82	304
65.83	182
65.83	205
65.83	219
65.83	511
65.85	375
65.85	232
65.90	172
65.93	181
65.94	524
66.02	387
66.03	238
66.14	293
66.16	457
66.16	303
66.19	446
66.20	183
66.25	355
66.30	231
66.33	486
66.33	503
66.34	368
66.43	225
66.46	454
66.53	366
66.62	536
66.67	506
66.72	513
66.91	477
66.98	242
67.00	211
67.01	518
67.05	230
67.11	331
67.20	210
67.23	237
67.30	221
67.33	296
67.40	255
67.55	469
67.58	203
67.60	195
67.65	226
67.65	339
67.70	312
67.72	291
67.73	297
67.75	224
67.75	227
67.80	193
67.81	467
67.98	202
68.01	478
68.02	280
68.05	321
68.08	229
68.10	171
68.13	222
68.17	299
68.17	449
68.25	228
68.40	12
68.45	403
68.48	443
68.53	192
68.56	371
68.60	249
68.61	530
68.79	386
68.85	220
69.03	185
69.08	135
69.10	198
69.14	484
69.19	340
69.23	177
69.27	444
69.29	394
69.40	186
69.46	514
69.52	270
69.54	527
69.85	264
69.88	251
69.95	247
69.98	16
70.03	204
70.05	479
70.06	345
70.08	216
70.13	233
70.13	273
70.14	322
70.14	328
70.15	246
70.25	493
70.27	283
70.30	190
70.33	250
70.38	265
70.48	184
70.50	189
70.58	200
70.58	320
70.60	175
70.60	254
70.63	236
70.65	170
70.78	241
70.83	243
70.85	252
71.00	207
71.13	187
71.13	262
71.35	196
71.45	176
71.47	487
71.63	188
71.94	483
72.13	197
72.20	191
72.38	263
72.48	79
72.55	214
72.63	213
72.68	245
72.75	208
72.75	212
73.00	178
73.13	223
73.18	173
73.28	248
73.38	239
73.38	244
73.50	215
73.63	180
73.70	258
73.78	201
73.83	174
74.13	218
74.13	261
74.30	266
74.45	206
74.50	234
74.70	217
74.85	267
74.90	235
75.00	253
75.20	199
75.20	256
75.43	194
75.68	510
75.72	389
75.73	257
75.93	205
75.98	232
76.03	182
76.05	151
76.13	157
76.15	154
76.18	148
76.25	181
76.30	172
76.38	183
76.38	219
76.43	160
76.43	238
76.48	231
76.50	155
76.53	147
76.53	209
76.63	150
76.65	153
76.73	161
76.78	144
76.83	143
76.93	164
76.98	158
76.98	225
77.05	211
77.08	242
77.23	167
77.33	156
77.35	140
77.38	221
77.38	237
77.45	230
77.48	152
77.48	210
77.68	203
77.70	162
77.73	255
78.60	69
78.98	13
80.43	22
80.53	26
80.93	268
80.95	23
82.43	240
83.65	259
85.13	218
85.33	223
85.60	178
85.60	248
85.63	213
85.70	179
85.70	194
85.73	239
85.78	253
85.85	174
85.95	258
85.98	232
86.10	205
86.13	260
86.20	182
86.30	261
86.33	180
86.33	183
86.33	266
86.38	256
86.53	231
86.70	217
86.83	267
86.85	211
87.00	181
87.08	242
87.10	199
87.13	221
87.30	237
87.38	195
87.40	226
87.48	225
87.48	257
87.50	227
87.53	172
87.53	203
87.55	193
87.65	238
87.68	224
87.70	202
87.80	210
87.80	222
88.13	192
88.23	255
88.25	209
88.75	185
88.85	204
88.90	230
89.08	228
89.48	186
89.70	220
89.93	216
89.93	233
90.00	196
90.28	246
90.43	184
90.58	236
90.80	198
90.93	247
90.98	243
91.25	254
91.40	175
91.43	207
91.58	212
91.70	268
91.80	245
91.85	190
91.93	241
92.35	187
92.45	252
92.48	215
92.55	197
92.70	214
92.90	201
92.98	206
92.98	240
93.00	176
93.03	191
93.08	234
93.23	177
93.30	171
93.35	235
93.35	244
93.45	208
93.58	251
93.58	264
93.73	223
93.88	173
93.98	194
94.30	174
94.45	259
94.53	232
94.55	265
94.68	188
94.80	205
94.95	12
94.95	213
95.13	217
95.35	183
95.78	263
95.83	151
95.83	154
95.83	211
95.88	157
95.98	155
96.03	248
96.10	195
96.13	226
96.18	150
96.23	161
96.28	19
96.28	147
96.28	182
96.30	158
96.33	193
96.35	15
96.35	221
96.45	148
96.50	202
96.55	179
96.58	153
96.63	203
96.63	222
96.65	144
96.73	16
96.73	143
96.73	160
96.73	231
96.78	227
96.85	224
96.95	260
97.15	141
97.20	225
97.23	192
97.25	164
97.35	146
97.45	156
97.53	242
97.55	140
98.20	237
102.38	199
104.00	196
104.70	235
105.10	194
105.63	213
105.65	205
105.65	217
107.43	203
107.48	224
107.55	240
107.60	195
107.65	226
107.75	193
107.90	202
108.00	222
109.18	216
109.43	233
110.02	1030
111.50	214
111.98	204
112.85	223
113.18	236
113.29	853
113.64	816
113.98	927
114.03	215
114.48	213
116.00	117
116.70	22
117.03	976
117.83	13
117.83	23
118.08	26
118.08	220
118.20	9
118.25	43
118.38	886
118.43	8
118.51	1025
118.70	154
118.75	147
119.13	151
119.55	150
119.60	224
120.45	963
120.63	888
121.02	844
121.59	967
121.66	843
122.06	845
122.08	214
122.21	895
122.76	1057
122.80	78
122.91	812
123.08	982
123.63	1056
123.74	882
124.28	823
124.29	819
124.45	826
124.63	85
125.60	72
125.63	917
125.88	959
125.99	1051
126.12	998
126.15	918
126.63	829
126.64	914
126.82	835
127.02	975
127.03	961
127.33	1005
127.43	35
127.48	107
127.51	1006
127.73	1068
127.75	822
127.80	108
127.88	1004
127.91	1047
128.03	1058
128.07	996
128.66	1017
128.70	857
128.81	957
128.89	924
128.98	866
128.99	1010
129.08	922
129.15	246
129.19	885
129.59	969
129.80	964
130.02	1037
130.15	195
130.16	1001
130.23	1046
130.25	1026
130.25	1048
130.38	47
130.42	995
130.48	838
130.50	194
130.62	894
130.63	56
130.65	1050
130.68	811
130.72	904
130.73	104
130.82	943
130.84	1014
131.03	75
131.08	196
131.10	112
131.19	1076
131.29	980
131.48	988
131.49	990
131.58	247
131.67	1008
131.68	871
131.70	1015
131.75	817
131.96	1023
132.02	991
132.13	147
132.18	946
132.19	941
132.35	151
132.48	1000
132.70	896
132.71	863
132.71	955
132.73	1063
132.83	207
132.83	216
132.89	858
132.93	154
132.95	204
132.96	935
132.96	867
133.03	61
133.10	877
133.23	977
133.35	237
133.37	848
133.40	1049
133.52	827
133.53	186
133.55	84
133.56	870
133.58	906
133.72	931
133.80	236
133.80	875
133.85	172
133.87	932
133.88	94
133.95	205
133.98	944
133.99	1055
134.08	86
134.08	864
134.13	213
134.20	227
134.21	1053
134.21	928
134.25	57
134.28	48
134.30	67
134.37	1042
134.52	956
134.56	974
134.63	185
134.66	840
134.66	854
134.75	60
134.83	114
134.83	1039
134.85	241
134.91	965
135.01	973
135.05	1069
135.08	96
135.13	878
135.15	38
135.25	1045
135.26	933
135.26	986
135.27	832
135.34	907
135.41	1031
135.43	869
135.44	1029
135.53	945
135.55	65
135.60	53
135.65	883
135.70	191
135.72	985
135.73	902
135.80	121
135.84	862
135.90	972
135.98	118
136.00	1013
136.01	952
136.08	131
136.11	841
136.17	968
136.18	997
136.18	1062
136.23	68
136.29	1024
136.35	1035
136.53	881
136.55	59
136.58	97
136.61	831
136.70	122
136.71	953
136.85	85
136.85	824
136.93	912
137.02	1071
137.03	200
137.03	887
137.05	92
137.07	821
137.09	949
137.12	934
137.14	1060
137.14	971
137.28	5
137.37	925
137.40	73
137.53	12
137.54	1036
137.63	4
137.65	1
137.65	52
137.65	71
137.68	948
137.71	880
137.74	1078
137.80	11
137.82	859
137.82	815
137.90	15
137.90	232
137.92	916
138.02	926
138.03	30
138.05	8
138.05	235
138.10	77
138.10	993
138.18	245
138.18	994
138.19	818
138.21	987
138.25	203
138.28	7
138.33	33
138.35	102
138.38	214
138.40	243
138.43	34
138.45	14
138.55	18
138.55	66
138.58	225
138.59	842
138.65	27
138.66	942
138.68	29
138.95	70
138.98	1040
138.99	900
139.00	1018
139.03	19
139.03	978
139.05	2
139.08	1022
139.36	1066
139.48	847
139.58	221
139.63	960
139.69	970
139.83	860
139.94	1079
140.04	936
140.13	810
140.16	913
140.17	983
140.20	1041
140.28	226
140.38	861
140.47	873
140.48	828
140.70	253
140.78	181
140.82	908
140.93	238
141.01	921
141.10	825
141.15	246
141.19	899
141.30	1011
141.32	897
141.34	937
141.38	143
141.44	850
141.57	951
141.58	212
141.69	813
141.71	911
141.83	839
141.87	1038
141.88	893
141.95	184
142.05	950
142.07	999
142.09	979
142.13	915
142.14	930
142.15	158
142.23	183
142.23	910
142.35	150
142.35	198
142.38	1059
142.51	1044
142.56	1065
142.64	1003
142.75	892
142.83	161
142.86	814
142.87	889
143.04	939
143.14	1016
143.18	190
143.19	920
143.22	890
143.34	929
143.38	155
143.43	1054
143.45	1009
143.50	1067
143.60	1007
143.68	175
143.70	247
143.83	1064
143.97	1073
144.01	851
144.10	188
144.14	938
144.24	856
144.39	992
144.45	833
144.49	905
144.50	830
144.59	820
144.68	1061
144.70	981
144.79	872
144.84	1033
145.08	187
145.15	234
145.26	903
145.30	868
145.34	1070
145.44	1021
145.50	193
145.53	201
145.68	984
145.68	855
145.71	947
145.75	231
145.82	958
145.91	909
146.00	206
146.03	898
146.05	248
146.09	836
146.13	176
146.36	1072
146.37	834
146.39	874
147.00	252
147.05	846
147.05	208
147.15	223
147.25	1074
147.29	1052
147.33	244
147.45	966
148.11	884
148.20	173
148.49	849
148.57	901
148.73	240
148.83	1002
148.98	837
149.10	197
149.28	211
149.31	852
149.34	1034
149.48	180
149.51	1032
149.68	940
149.75	230
149.83	191
149.85	182
149.85	228
150.08	1043
150.09	989
150.13	256
150.53	255
150.65	1020
150.75	1027
150.79	1075
150.90	200
150.97	923
151.05	254
151.43	224
151.62	879
152.25	222
152.33	192
152.50	243
152.54	962
152.58	221
152.70	242
152.73	253
152.83	233
152.88	174
152.88	876
153.27	919
153.28	181
153.28	219
154.30	245
154.38	183
154.53	217
154.59	1012
154.60	229
154.69	891
154.82	1019
155.08	198
155.18	184
155.20	175
155.53	190
155.62	865
155.65	109
156.05	148
156.05	177
156.55	238
156.65	187
156.73	231
156.83	144
156.88	81
156.89	954
156.90	201
157.13	140
157.25	202
157.38	151
157.45	141
157.78	210
158.28	137
158.28	208
158.38	55
158.40	252
158.43	266
158.55	176
158.81	1028
159.14	1077
160.85	239
161.53	257
162.68	171
162.68	228
162.68	251
163.48	134
163.48	230
163.55	255
163.93	263
164.08	254
165.20	264
165.43	258
165.55	242
165.58	174
166.03	23
166.03	218
166.05	16
166.55	180
166.88	256
166.98	20
167.03	26
167.20	22
167.25	0
168.15	219
168.93	170
169.10	210
169.18	178
169.43	229
19.21	566
19.77	589
20.15	759
20.38	26
20.78	700
21.17	657
21.40	708
21.43	553
21.64	659
21.79	726
21.99	795
21.99	741
22.04	736
22.15	49
22.16	676
22.28	542
22.30	636
22.59	709
22.81	638
22.90	13
22.94	634
23.08	637
23.11	661
23.17	625
23.25	769
23.32	569
23.41	710
23.47	732
23.55	556
23.60	641
23.62	758
23.64	650
23.71	734
23.73	764
23.75	658
23.85	682
23.87	783
23.92	765
23.93	724
24.02	559
24.09	654
24.09	602
24.12	596
24.13	615
24.20	593
24.29	586
24.30	747
24.33	640
24.34	756
24.35	727
24.39	792
24.43	739
24.53	737
24.54	611
24.54	578
24.55	609
24.59	598
24.64	780
24.68	16
24.69	558
24.73	671
24.78	619
24.79	630
24.82	706
24.89	642
24.89	787
24.91	798
24.93	677
24.96	665
25.00	19
25.00	728
25.01	757
25.08	755
25.09	604
25.12	605
25.15	793
25.16	770
25.16	585
25.18	618
25.19	777
25.19	627
25.26	678
25.29	550
25.30	565
25.31	797
25.38	98
25.42	621
25.42	697
25.43	696
25.44	554
25.45	623
25.45	771
25.48	760
25.48	603
25.49	738
25.50	701
25.51	702
25.61	541
25.63	664
25.64	545
25.67	754
25.69	563
25.71	644
25.72	572
25.77	557
25.78	628
25.81	745
25.87	748
25.87	743
25.89	574
25.89	547
25.93	694
25.93	555
25.93	785
25.93	584
25.94	601
25.95	731
25.99	552
26.03	801
26.03	560
26.03	651
26.07	582
26.08	680
26.11	789
26.11	626
26.12	794
26.12	692
26.14	662
26.16	670
26.21	720
26.23	715
26.23	546
26.27	766
26.28	543
26.35	97
26.38	776
26.41	729
26.43	786
26.45	540
26.45	18
26.49	717
26.50	742
26.58	624
26.58	606
26.63	599
26.69	620
26.69	749
26.70	667
26.70	767
26.71	655
26.71	746
26.71	686
26.72	594
26.74	716
26.74	685
26.75	803
26.76	576
26.78	790
26.79	744
26.79	799
26.80	688
26.93	69
26.93	804
26.95	802
26.95	779
26.95	622
26.98	549
27.05	15
27.08	752
27.09	772
27.09	681
27.10	693
27.13	12
27.13	79
27.13	635
27.14	561
27.19	691
27.23	101
27.23	610
27.23	591
27.27	551
27.28	703
27.29	698
27.36	695
27.39	587
27.39	722
27.40	90
27.40	100
27.43	595
27.45	718
27.49	690
27.49	768
27.50	809
27.51	608
27.53	58
27.53	675
27.55	154
27.58	71
27.58	629
27.59	647
27.59	712
27.63	687
27.64	571
27.67	782
27.68	23
27.68	643
27.69	750
27.71	805
27.72	704
27.73	78
27.75	157
27.79	575
27.79	614
27.84	763
27.85	773
27.85	5
27.87	800
27.91	607
27.93	666
27.98	613
27.99	808
28.00	639
28.03	110
28.03	580
28.04	588
28.09	725
28.15	649
28.17	592
28.20	646
28.27	791
28.30	577
28.33	224
28.36	570
28.47	774
28.47	699
28.51	600
28.58	96
28.62	573
28.63	740
28.65	660
28.68	87
28.70	616
28.71	775
28.73	721
28.75	81
28.79	689
28.80	20
28.80	88
28.92	617
28.93	161
28.93	225
28.95	579
28.95	735
28.98	778
28.99	683
29.01	562
29.04	564
29.06	668
29.08	761
29.15	150
29.20	784
29.23	160
29.23	719
29.33	147
29.35	583
29.36	612
29.40	151
29.42	568
29.44	673
29.44	645
29.45	652
29.53	581
29.62	713
29.63	194
29.63	788
29.65	140
29.75	215
29.79	567
29.79	711
29.79	684
29.82	544
29.96	730
29.98	214
30.15	136
30.18	723
30.19	733
30.36	762
30.39	679
30.40	633
30.59	781
30.59	714
30.61	653
30.63	590
30.65	674
30.71	632
30.72	648
30.78	663
30.83	158
30.86	807
30.88	216
30.91	753
30.92	707
31.10	548
31.15	146
31.16	751
31.33	148
31.43	705
31.70	205
31.88	203
32.05	631
32.23	597
32.35	143
32.45	656
32.68	669
32.75	806
32.85	796
33.13	22
33.15	8
33.34	672
34.15	204
37.20	144
42.35	224
42.88	165
42.95	225
43.18	139
43.63	194
43.68	215
43.88	214
44.90	216
45.68	205
45.88	203
48.00	204
53.88	145
55.07	305
55.25	469
55.40	159
55.64	271
55.67	334
55.86	473
56.17	323
56.56	392
56.67	449
56.72	312
56.80	465
57.08	277
57.26	347
57.40	460
57.41	343
57.44	350
57.69	289
57.81	294
57.86	309
58.02	518
58.06	375
58.06	364
58.10	514
58.16	377
58.28	389
58.32	324
58.39	381
58.40	1
58.45	363
58.45	276
58.51	539
58.63	481
58.98	19
58.98	398
59.00	487
59.16	538
59.18	394
59.35	470
59.38	345
59.39	333
59.40	316
59.44	488
59.44	484
59.45	399
59.51	525
59.73	314
59.83	458
59.85	351
59.87	522
59.92	284
59.96	390
59.99	325
60.02	341
60.11	358
60.16	395
60.16	352
60.22	275
60.24	288
60.29	297
60.32	475
60.41	503
60.43	203
60.43	322
60.46	301
60.52	376
60.62	441
60.65	195
60.66	342
60.76	507
60.80	504
60.85	378
60.88	286
60.95	293
60.96	450
60.97	519
61.32	372
61.41	498
61.42	366
61.42	451
61.42	463
61.54	537
61.73	440
61.76	499
61.76	373
61.77	501
61.81	331
61.87	500
61.93	280
61.96	380
61.99	306
62.05	452
62.06	274
62.07	391
62.08	494
62.09	474
62.12	387
62.18	244
62.48	349
62.50	479
62.54	511
62.55	524
62.63	190
62.70	211
62.72	273
62.73	379
62.77	361
62.79	506
62.80	199
62.83	446
62.91	480
62.91	360
63.05	217
63.06	368
63.07	300
63.12	490
63.32	531
63.33	369
63.36	340
63.40	396
63.41	328
63.41	497
63.45	533
63.46	520
63.49	356
63.56	270
63.57	496
63.58	401
63.59	530
63.62	318
63.71	534
63.73	464
63.73	382
63.75	447
63.75	371
63.75	16
63.75	214
63.77	317
63.78	495
63.82	472
63.83	467
63.86	400
63.87	336
63.94	462
63.97	326
64.01	489
64.05	493
64.10	384
64.10	218
64.12	471
64.15	200
64.16	332
64.17	308
64.18	359
64.19	315
64.19	346
64.22	313
64.23	283
64.24	491
64.24	307
64.28	233
64.28	299
64.28	362
64.33	248
64.33	255
64.35	337
64.36	536
64.45	348
64.45	278
64.52	527
64.53	461
64.54	291
64.60	234
64.61	403
64.63	335
64.65	285
64.68	163
64.70	404
64.70	205
64.74	357
64.77	383
64.77	397
64.81	355
64.88	135
64.88	454
64.94	353
65.01	455
65.02	516
65.09	459
65.10	237
65.13	252
65.15	23
65.21	457
65.24	281
65.25	193
65.32	329
65.55	310
65.59	521
65.59	304
65.71	508
65.72	287
65.73	532
65.75	528
65.79	515
65.80	444
65.82	303
65.83	510
65.85	374
65.94	523
66.02	386
66.14	292
66.15	188
66.15	231
66.16	456
66.16	302
66.19	445
66.20	228
66.25	354
66.28	224
66.33	485
66.33	502
66.34	367
66.35	181
66.43	182
66.46	453
66.48	204
66.53	365
66.62	535
66.67	505
66.72	512
66.80	15
66.83	236
66.91	476
66.98	171
67.01	517
67.11	330
67.18	230
67.28	254
67.33	180
67.33	295
67.45	226
67.53	241
67.55	468
67.58	227
67.60	210
67.65	338
67.68	202
67.70	311
67.72	290
67.73	296
67.80	223
67.81	466
67.95	192
67.95	220
68.00	225
68.01	477
68.02	279
68.05	194
68.05	320
68.10	176
68.17	298
68.17	448
68.20	197
68.28	201
68.38	229
68.40	221
68.45	402
68.48	442
68.56	370
68.61	529
68.79	385
68.90	191
68.95	184
69.13	209
69.14	483
69.15	185
69.19	339
69.27	443
69.29	393
69.40	246
69.46	513
69.54	526
69.90	245
70.03	79
70.05	478
70.06	344
70.08	264
70.10	177
70.10	263
70.13	272
70.14	321
70.14	327
70.15	187
70.25	492
70.27	282
70.30	232
70.35	219
70.40	215
70.45	235
70.50	174
70.50	186
70.55	183
70.58	319
70.68	206
70.70	203
70.73	253
70.88	257
70.90	170
70.93	238
71.00	175
71.05	242
71.10	195
71.47	486
71.48	249
71.73	196
71.88	247
71.93	251
71.94	482
72.03	207
72.10	266
72.10	267
72.15	240
72.30	12
72.50	244
72.53	213
72.70	250
72.73	198
72.88	212
72.90	211
73.08	190
73.23	265
73.28	217
73.30	222
73.43	22
73.43	243
73.45	262
73.55	199
73.60	172
73.88	261
73.90	173
73.93	143
73.95	147
74.00	150
74.08	140
74.13	9
74.20	151
74.20	157
74.25	154
74.33	214
74.35	153
74.38	218
74.40	233
74.43	148
74.45	158
74.45	200
74.50	155
74.60	146
74.60	255
74.60	256
74.63	144
74.63	208
74.68	234
74.73	161
74.75	78
74.83	248
74.85	258
74.88	162
74.98	160
75.10	149
75.10	156
75.18	141
75.18	205
75.20	169
75.28	164
75.30	237
75.35	193
75.38	165
75.40	216
75.55	189
75.68	509
75.72	388
76.48	179
77.73	89
78.18	178
78.38	69
78.80	268
83.35	260
83.73	239
84.13	207
84.13	247
84.13	249
84.30	251
84.40	213
84.43	266
84.45	240
84.48	267
84.53	233
84.68	198
84.75	234
84.83	190
84.93	250
85.05	218
85.08	243
85.20	265
85.23	193
85.25	200
85.33	222
85.38	237
85.38	255
85.43	172
85.45	262
85.50	214
85.60	173
85.60	205
85.75	15
85.88	261
86.18	231
86.20	208
86.25	256
86.28	212
86.30	19
86.40	182
86.45	236
86.65	8
86.68	252
86.70	258
86.78	259
86.80	228
87.15	181
87.20	216
87.20	226
87.30	189
87.38	227
87.43	204
87.45	224
87.50	202
87.55	26
87.63	254
87.73	223
87.75	192
87.85	179
87.93	248
87.98	16
88.08	210
88.18	201
88.23	241
88.25	197
88.30	221
88.40	230
88.55	220
88.70	194
88.90	178
88.90	184
89.00	225
89.03	191
89.20	185
89.20	188
89.33	176
89.40	195
89.55	268
89.80	246
89.85	171
90.15	180
90.33	245
90.68	235
90.73	232
90.98	206
91.08	183
91.13	186
91.28	187
91.43	174
91.48	242
91.48	244
91.58	253
91.65	229
91.68	203
91.85	215
91.88	196
91.93	175
91.95	211
92.15	207
92.28	217
92.35	238
92.55	209
92.80	213
92.80	247
92.95	233
93.23	264
93.28	177
93.28	234
93.43	243
93.78	219
93.85	193
93.85	222
94.13	150
94.23	263
94.25	147
94.25	151
94.25	260
94.30	198
94.40	154
94.43	158
94.45	155
94.48	143
94.48	157
94.50	239
94.60	140
94.65	144
94.68	148
94.73	153
94.80	173
94.80	257
94.85	205
95.00	146
95.15	160
95.25	161
95.28	212
95.38	156
95.48	162
95.55	136
95.55	172
95.58	149
95.73	208
95.75	164
95.90	236
101.85	237
102.15	204
103.03	12
103.33	242
104.15	233
104.30	234
104.80	193
105.28	212
105.93	224
106.33	216
106.93	226
107.20	202
107.38	223
107.63	205
108.20	215
108.98	236
109.53	235
109.73	206
110.02	1029
110.13	192
110.25	214
111.95	213
112.15	232
113.25	222
113.29	852
113.63	196
113.64	815
113.98	926
114.65	212
116.08	42
116.75	116
116.95	147
117.03	975
117.85	150
118.28	144
118.28	151
118.38	885
118.51	1024
118.53	154
118.68	143
119.08	140
119.93	75
120.45	962
120.63	887
121.02	843
121.43	214
121.50	25
121.53	21
121.55	28
121.59	966
121.63	77
121.66	842
122.06	844
122.21	894
122.33	6
122.76	1056
122.78	3
122.88	10
122.91	811
123.08	981
123.63	1055
123.68	213
123.74	881
124.28	822
124.29	818
124.45	825
125.63	916
125.88	958
125.99	1050
126.00	71
126.10	84
126.12	997
126.15	917
126.63	828
126.64	913
126.82	834
127.02	974
127.03	960
127.33	1004
127.51	1005
127.73	1067
127.75	821
127.88	1003
127.91	1046
127.93	245
128.03	1057
128.07	995
128.15	106
128.20	219
128.28	107
128.35	246
128.66	1016
128.70	856
128.81	956
128.89	923
128.98	865
128.99	1009
129.08	921
129.19	884
129.23	103
129.59	968
129.80	963
129.98	194
130.02	1036
130.16	1000
130.23	1045
130.25	1025
130.25	1047
130.35	195
130.42	994
130.48	837
130.62	893
130.65	1049
130.68	810
130.72	903
130.73	193
130.82	942
130.84	1013
130.90	46
130.90	111
131.19	1075
131.29	979
131.38	55
131.48	987
131.49	989
131.50	206
131.50	236
131.67	1007
131.68	870
131.70	1014
131.75	816
131.96	1022
132.00	150
132.02	990
132.03	113
132.18	945
132.19	940
132.28	185
132.40	215
132.48	74
132.48	999
132.53	83
132.70	895
132.70	93
132.71	862
132.71	954
132.73	1062
132.80	226
132.89	857
132.96	934
132.96	866
133.05	60
133.05	235
133.10	203
133.10	876
133.23	976
133.37	847
133.40	1048
133.52	826
133.56	869
133.58	905
133.72	930
133.80	874
133.83	204
133.87	931
133.98	943
133.99	1054
134.08	863
134.15	75
134.21	1052
134.21	927
134.25	184
134.37	1041
134.52	955
134.53	47
134.56	973
134.58	66
134.58	85
134.60	56
134.63	212
134.66	839
134.66	853
134.70	52
134.83	1038
134.85	59
134.91	964
134.95	187
135.01	972
135.05	1068
135.13	877
135.25	1044
135.26	932
135.26	985
135.27	831
135.34	906
135.40	130
135.41	1030
135.43	868
135.44	1028
135.53	944
135.55	37
135.58	120
135.65	882
135.72	984
135.73	901
135.75	95
135.75	237
135.84	861
135.90	971
136.00	1012
136.01	951
136.03	121
136.11	840
136.17	967
136.18	996
136.18	1061
136.29	1023
136.35	1034
136.35	117
136.38	67
136.53	880
136.61	830
136.65	58
136.71	952
136.80	132
136.83	247
136.85	823
136.88	96
136.93	911
136.95	91
137.00	53
137.02	1070
137.03	72
137.03	886
137.07	820
137.09	948
137.12	933
137.13	197
137.14	1059
137.14	970
137.35	51
137.37	924
137.54	1035
137.65	64
137.65	70
137.68	947
137.71	879
137.74	1077
137.78	154
137.78	244
137.80	234
137.82	858
137.82	814
137.92	915
138.02	925
138.05	94
138.08	84
138.10	992
138.13	122
138.18	993
138.19	817
138.20	101
138.21	986
138.25	92
138.33	76
138.43	224
138.45	213
138.59	841
138.66	941
138.70	82
138.73	104
138.75	202
138.83	69
138.83	102
138.95	73
138.98	1039
138.99	899
139.00	1017
139.03	977
139.08	1021
139.10	65
139.13	48
139.18	8
139.33	57
139.36	1065
139.48	846
139.58	43
139.63	5
139.63	157
139.63	959
139.65	11
139.68	242
139.69	969
139.73	225
139.75	1
139.83	231
139.83	859
139.90	12
139.90	68
139.93	4
139.94	1078
140.00	86
140.04	935
140.08	89
140.10	22
140.13	245
140.15	246
140.16	912
140.17	982
140.20	1040
140.23	15
140.25	26
140.28	63
140.30	45
140.38	860
140.40	7
140.43	81
140.47	872
140.48	827
140.55	62
140.60	20
140.63	24
140.63	29
140.65	27
140.70	23
140.73	105
140.73	144
140.75	19
140.80	2
140.80	112
140.82	907
140.85	49
140.88	38
140.93	190
140.95	18
140.95	61
140.98	87
141.01	920
141.05	171
141.08	9
141.10	824
141.19	898
141.30	1010
141.32	896
141.34	936
141.44	849
141.57	950
141.63	186
141.69	812
141.71	910
141.83	838
141.87	1037
141.88	892
142.05	949
142.07	998
142.09	978
142.13	914
142.14	929
142.23	909
142.38	183
142.38	1058
142.51	1043
142.56	1064
142.64	1002
142.65	218
142.75	891
142.80	228
142.86	813
142.87	888
142.93	211
143.00	174
143.04	938
143.14	1015
143.18	207
143.19	919
143.22	889
143.25	175
143.34	928
143.43	220
143.43	1053
143.45	1008
143.50	252
143.50	1066
143.60	182
143.60	1006
143.83	1063
143.97	1072
143.98	240
144.01	850
144.13	238
144.14	937
144.24	855
144.39	991
144.45	832
144.49	904
144.50	829
144.59	819
144.68	1060
144.70	980
144.79	871
144.84	1032
145.25	233
145.26	902
145.30	867
145.34	1069
145.38	205
145.44	1020
145.60	257
145.68	983
145.68	854
145.71	946
145.82	957
145.91	908
145.98	227
146.03	897
146.09	835
146.15	192
146.36	1071
146.37	833
146.39	873
147.05	845
147.10	196
147.25	1073
147.29	1051
147.30	255
147.45	965
147.55	237
147.55	243
147.60	222
147.98	187
148.11	883
148.23	1079
148.49	848
148.57	900
148.68	197
148.83	147
148.83	1001
148.85	247
148.88	176
148.98	836
149.20	200
149.31	851
149.34	1033
149.35	177
149.51	1031
149.68	939
149.70	254
149.88	180
150.08	1042
150.09	988
150.65	1019
150.68	244
150.75	1026
150.79	1074
150.83	172
150.85	230
150.97	922
150.98	242
150.98	265
151.10	231
151.50	223
151.62	878
151.75	253
152.54	961
152.60	210
152.88	875
153.00	186
153.10	181
153.25	216
153.27	918
153.43	190
153.55	232
153.60	173
153.60	221
153.83	218
153.98	251
154.05	198
154.05	228
154.08	256
154.23	191
154.28	174
154.53	175
154.59	1011
154.63	183
154.69	890
154.80	220
154.82	1018
154.95	182
155.20	207
155.38	252
155.62	864
155.63	211
155.93	151
155.93	241
156.08	238
156.10	199
156.89	953
157.03	240
157.08	155
157.30	227
157.78	136
157.78	239
158.13	255
158.65	201
158.73	229
158.81	1027
159.14	1076
159.85	188
160.23	248
160.50	176
160.50	200
161.28	254
162.18	233
162.28	54
162.53	230
162.58	217
162.70	208
163.08	172
163.35	253
163.98	210
164.68	181
165.13	173
165.15	134
165.48	191
165.65	221
165.80	265
165.85	198
165.88	256
166.40	38
166.55	251
166.80	180
166.93	241
166.95	263
167.28	177
168.53	264
168.55	32
168.65	199
168.68	65
169.05	28
169.33	232
169.50	201
169.78	25
