22.94	636
23.64	652
23.75	660
23.81	540
23.85	684
24.09	604
24.29	588
24.54	580
24.82	708
24.89	644
25.16	772
25.18	620
25.44	556
25.49	740
25.67	756
26.11	628
26.12	796
26.23	548
26.43	788
26.55	16
26.71	748
26.72	596
26.93	144
26.95	804
27.23	612
27.29	700
27.39	724
27.49	692
27.63	80
27.75	96
27.78	8
27.93	668
28.36	572
28.98	780
29.01	564
29.96	732
30.36	764
30.59	716
30.65	676
39.88	136
47.93	152
57.40	462
58.06	366
58.32	326
58.45	278
59.40	318
59.44	486
59.92	286
60.00	8
61.32	374
61.45	192
61.87	502
61.96	382
62.05	454
62.55	526
63.07	302
63.28	216
63.36	342
63.40	398
63.49	358
64.16	334
64.17	310
64.45	350
65.02	518
65.71	510
65.73	534
65.80	446
65.93	232
66.10	184
66.14	294
66.30	270
66.91	478
67.55	470
67.83	256
70.25	494
71.05	176
71.38	248
71.68	208
71.80	192
72.05	240
72.10	264
72.25	200
72.83	224
73.45	80
73.50	216
75.35	144
75.72	390
75.80	152
75.80	160
76.05	232
76.38	184
83.83	248
83.93	216
84.28	200
84.28	240
84.28	264
84.95	224
85.68	232
85.88	184
86.05	16
87.18	8
88.83	256
90.45	192
92.03	216
92.23	176
92.23	208
92.93	200
93.70	224
94.48	144
95.90	232
103.13	216
104.35	224
113.73	224
118.51	1026
121.43	216
122.76	1058
127.03	962
127.38	224
127.40	8
127.55	16
128.66	1018
128.70	858
129.59	970
130.16	1002
131.75	818
133.23	978
133.40	1050
133.70	192
135.53	946
135.72	986
136.11	842
136.53	882
136.63	208
136.71	954
138.10	994
138.33	72
140.16	914
140.20	1042
140.47	874
140.68	248
141.01	922
141.10	826
141.32	898
141.34	938
141.63	88
141.76	810
141.93	184
142.18	96
142.53	56
142.56	1066
142.87	890
143.00	112
143.15	80
143.34	930
143.43	40
143.45	1010
143.70	232
143.97	1074
144.13	104
144.33	64
144.38	128
144.45	834
144.49	906
144.84	1034
145.18	120
146.30	16
146.38	176
146.95	224
148.13	208
148.49	850
149.48	144
151.25	240
151.48	200
153.43	256
154.70	248
155.62	866
161.75	264
162.93	200
165.23	256
165.63	240
166.70	176
168.53	136
168.60	152
169.83	168
169.98	160
21.64	661
21.99	797
23.39	541
24.30	749
24.43	741
24.54	613
24.78	621
24.89	789
25.08	757
25.19	629
25.45	773
25.48	605
25.69	565
25.89	549
25.93	557
25.95	733
26.03	653
26.08	1
26.23	717
26.70	669
26.75	805
26.95	781
27.13	637
27.19	693
27.39	589
27.43	81
27.43	597
27.53	677
27.58	89
27.64	573
27.68	9
27.68	645
27.84	765
28.47	701
28.95	581
28.99	685
30.18	725
30.92	709
33.55	161
55.25	471
57.08	279
57.86	311
58.28	391
58.39	383
58.53	145
58.90	9
59.39	335
59.40	201
59.51	527
59.99	327
60.02	343
60.46	303
60.95	295
61.76	375
61.77	503
62.48	351
63.45	535
63.77	319
64.05	495
64.53	463
64.65	287
64.74	359
64.77	399
65.65	233
65.88	257
66.19	447
66.33	487
66.46	455
66.53	367
67.01	519
67.78	225
68.01	479
68.35	193
69.52	271
69.95	201
70.13	265
70.35	217
70.55	185
72.55	177
73.65	89
74.58	209
75.53	241
75.58	161
75.68	511
75.73	233
76.35	153
76.35	169
76.53	257
77.95	249
84.60	177
85.48	233
86.23	209
87.48	225
88.03	193
88.55	201
88.78	257
88.90	249
89.35	241
90.38	217
90.63	185
94.38	233
94.90	161
95.40	153
105.53	233
107.45	225
108.18	193
123.74	883
124.45	827
125.50	73
126.64	915
127.75	9
128.03	1059
128.98	867
128.99	1011
129.08	923
130.13	105
130.25	1027
130.65	1051
132.18	947
132.89	859
133.18	201
133.58	907
134.10	217
134.37	1043
135.15	49
135.26	987
135.70	97
137.13	233
138.18	995
138.19	819
138.59	843
139.00	1019
139.03	979
139.36	1067
139.45	241
139.69	971
140.13	811
141.44	851
142.14	931
142.35	185
142.90	89
143.18	65
143.22	891
143.50	105
143.63	41
143.65	81
144.14	939
144.30	121
145.05	113
145.45	25
145.85	129
146.03	899
146.37	835
146.39	875
146.40	9
147.25	1075
147.35	201
148.80	161
148.83	1003
149.34	1035
151.23	241
151.65	225
151.73	193
152.54	963
153.25	177
156.89	955
157.30	257
158.85	209
166.93	265
167.48	177
168.55	137
169.15	145
20.78	702
21.40	710
22.16	678
22.30	638
23.47	734
23.55	558
23.73	766
23.93	726
24.12	598
24.33	98
24.34	758
24.64	782
25.09	606
25.10	18
25.71	646
25.72	574
25.78	630
25.87	750
26.12	694
26.45	542
26.65	58
26.69	622
26.74	718
26.93	806
27.09	774
27.75	154
28.03	582
28.04	590
28.63	742
28.65	662
29.04	566
29.06	670
29.36	614
29.45	162
29.45	654
29.55	194
29.63	790
29.79	686
31.10	550
31.53	226
32.85	798
34.83	146
43.60	194
45.58	226
55.67	336
57.44	352
57.81	296
58.02	520
58.98	400
59.35	472
59.73	26
59.96	392
60.11	360
60.66	344
60.88	288
61.42	368
62.08	496
62.83	448
63.20	202
63.56	272
63.62	320
63.71	536
63.73	384
63.94	464
63.97	328
64.45	280
64.88	456
64.91	440
65.55	312
65.83	512
65.85	376
66.16	304
66.33	504
66.55	226
67.33	250
68.23	194
69.25	186
69.54	528
70.05	480
70.10	234
70.20	242
71.47	488
71.48	266
72.10	178
73.38	202
74.08	170
74.53	210
75.10	154
75.38	162
75.70	218
79.28	258
83.85	202
83.95	266
84.38	178
85.93	170
86.00	210
86.88	226
87.15	218
88.80	194
89.35	186
89.98	258
90.20	234
90.53	242
91.85	202
93.95	154
94.05	146
95.03	162
102.05	186
102.50	242
103.15	202
108.93	234
116.75	154
120.45	964
121.66	844
124.29	820
125.99	1052
126.82	836
128.78	2
130.42	996
130.68	812
131.48	242
132.71	956
132.96	868
133.52	828
133.72	932
133.80	876
135.15	58
135.34	908
135.65	884
135.88	186
135.93	66
136.35	1036
137.10	98
137.14	972
137.18	122
137.82	860
138.21	988
138.48	146
139.10	226
139.13	74
139.50	50
141.19	900
141.30	1012
142.09	980
142.13	916
142.38	1060
142.48	90
142.64	1004
142.68	106
143.04	940
143.50	1068
143.90	242
144.01	852
144.05	202
144.25	82
145.18	194
145.20	42
145.40	18
145.63	26
145.71	948
146.25	130
147.45	186
149.18	162
150.08	1044
150.75	1028
150.79	1076
150.97	924
152.83	234
154.69	892
154.82	1020
158.00	218
162.00	210
168.65	218
19.77	591
21.99	743
22.58	51
22.59	711
23.08	639
23.11	663
23.92	767
24.93	679
25.01	759
25.12	607
25.15	99
25.30	567
25.31	799
25.42	623
25.50	703
25.61	543
25.77	559
26.11	791
26.49	719
26.69	751
26.74	687
26.78	19
26.98	551
27.00	203
27.10	695
27.58	631
27.71	807
27.85	775
27.98	615
28.09	727
28.38	147
28.62	575
29.44	647
29.53	583
30.19	735
30.59	783
30.61	655
32.23	599
32.68	671
41.03	203
55.64	273
57.41	345
58.06	377
59.00	489
59.45	401
59.85	353
60.41	505
60.97	521
61.35	441
61.42	465
62.07	393
62.50	481
62.54	513
63.75	449
63.78	497
64.12	473
64.18	361
64.30	235
64.52	529
64.63	337
64.77	385
65.01	457
65.03	163
65.28	195
65.33	219
65.72	289
65.82	305
66.34	369
66.55	211
66.62	537
66.73	243
67.33	297
67.38	251
67.70	171
67.70	313
67.90	227
68.02	281
68.18	19
68.25	203
69.98	187
70.14	329
70.58	321
74.45	235
74.83	147
75.05	155
75.38	195
75.85	219
77.40	267
82.40	179
82.78	259
84.48	235
85.18	195
85.83	11
86.18	19
86.25	211
86.35	243
87.48	227
88.38	219
88.55	267
89.25	203
90.00	251
90.25	171
90.78	187
92.90	235
93.30	179
93.38	147
93.68	259
93.90	195
95.05	155
95.28	139
103.98	235
105.00	195
107.75	19
112.03	203
116.85	147
121.02	845
122.91	813
126.00	35
127.73	1069
127.88	1005
128.07	997
128.89	925
129.50	11
129.80	965
130.70	195
131.19	1077
131.29	981
131.48	989
133.87	933
134.52	957
134.95	115
135.90	973
136.83	187
137.14	1061
137.43	147
137.54	1037
137.68	949
137.92	917
138.99	901
139.28	123
139.75	107
139.83	861
140.48	91
140.48	829
140.82	909
141.40	59
141.45	67
141.53	51
141.70	227
142.13	99
142.51	1045
142.75	893
144.35	83
144.40	75
144.59	821
145.00	19
145.23	235
145.30	869
146.09	837
146.43	43
147.29	1053
148.11	885
148.53	187
149.13	171
149.31	853
149.53	155
149.68	941
150.65	1021
151.53	243
152.88	877
154.58	211
154.59	1013
155.18	251
156.90	203
158.81	1029
163.63	243
166.35	211
167.15	171
169.25	139
169.75	251
19.21	568
21.79	728
22.28	544
22.81	640
23.41	712
23.62	760
23.71	736
24.09	656
24.59	600
24.69	560
24.79	632
24.85	4
24.91	800
24.95	100
25.26	680
25.29	552
25.51	704
25.89	576
25.93	696
26.07	584
26.14	664
26.16	672
26.20	12
26.23	20
26.27	768
26.50	744
26.58	608
26.71	688
26.78	792
26.95	624
27.18	60
27.45	720
27.67	784
27.69	752
27.79	616
28.20	648
28.47	776
28.73	140
30.63	592
32.75	808
33.58	204
38.85	52
47.48	204
56.56	394
56.72	314
59.44	490
60.16	354
60.24	290
60.52	378
60.80	506
61.73	442
61.93	282
62.91	482
62.91	362
63.06	370
63.41	330
63.46	522
63.57	498
63.73	466
63.82	474
63.86	402
63.87	338
64.10	386
64.25	220
64.36	538
64.78	12
64.83	236
65.59	306
65.75	530
66.16	458
66.70	212
66.72	514
66.98	172
67.73	196
67.73	298
68.05	322
68.13	204
68.17	450
68.40	228
68.78	252
70.06	346
70.13	274
70.78	244
72.50	188
74.38	180
74.53	148
74.60	220
74.95	236
75.83	164
82.68	268
83.80	260
84.55	188
84.80	236
85.20	220
85.73	12
86.05	180
86.43	212
87.23	196
88.08	172
88.80	228
89.23	204
89.75	252
90.80	244
93.55	268
93.63	236
94.35	148
94.50	140
94.73	260
102.30	204
107.00	212
108.78	12
110.03	236
113.13	196
113.29	854
122.06	846
124.85	44
124.95	36
125.63	918
126.63	830
126.93	108
127.33	1006
128.81	958
129.19	886
130.02	1038
130.95	196
132.19	942
133.10	878
134.21	1054
134.91	966
135.01	974
135.05	1070
135.20	68
135.25	1046
135.26	934
135.43	870
135.44	1030
136.00	1014
136.18	998
137.07	822
137.09	950
137.18	60
137.37	926
137.95	228
138.00	244
138.05	204
138.60	132
138.75	236
140.38	862
140.50	116
141.69	814
141.88	894
142.43	52
143.43	220
144.43	100
144.68	1062
144.70	982
144.70	92
144.78	84
145.43	12
145.44	1022
145.91	910
146.15	20
146.38	4
147.93	212
148.57	902
148.98	838
149.08	228
149.95	244
150.09	990
154.18	188
155.48	252
155.50	172
159.14	1078
160.75	220
166.95	252
167.08	172
167.13	188
167.85	180
168.53	140
168.68	148
169.73	156
169.98	164
20.15	761
23.87	785
24.02	561
24.13	617
24.35	729
24.73	673
25.45	625
25.87	745
26.28	545
26.45	77
26.63	601
26.70	769
26.71	657
26.79	801
27.23	593
27.27	553
27.28	705
27.36	697
27.59	649
27.63	689
27.79	577
27.91	609
28.00	641
28.27	793
28.71	777
28.95	737
29.23	721
29.35	585
29.79	569
29.79	713
29.95	157
30.39	681
30.78	665
30.86	809
31.16	753
32.05	633
38.53	117
39.55	93
40.38	141
55.07	307
55.86	475
56.67	451
56.80	467
57.69	291
58.16	379
58.63	483
59.38	347
59.60	205
60.29	299
60.62	443
61.20	197
61.54	539
61.60	181
62.35	213
62.72	275
62.77	363
63.33	371
63.41	499
63.58	403
64.01	491
64.22	315
64.35	339
64.94	355
65.21	459
65.24	283
65.32	331
65.43	173
65.59	523
66.67	507
68.18	221
68.61	531
68.79	387
69.29	395
69.46	515
70.08	229
70.14	323
70.15	205
70.40	253
71.00	237
71.70	197
72.13	181
72.58	213
73.45	245
73.90	69
75.25	157
75.70	189
75.73	173
76.10	165
79.60	261
83.33	181
84.98	245
86.15	173
86.48	13
86.88	5
87.35	189
87.83	221
88.53	205
90.35	261
91.08	253
91.15	237
91.50	213
91.55	197
93.33	245
94.15	157
94.65	141
95.30	165
102.98	237
103.80	245
110.02	1031
113.13	213
114.38	221
117.88	157
118.38	887
119.68	77
123.08	983
126.12	999
126.15	919
127.40	109
127.51	1007
127.60	5
127.75	823
129.00	13
130.23	1047
130.48	839
130.62	895
130.84	1015
131.10	173
131.49	991
133.00	197
133.10	205
133.56	871
134.56	975
134.66	855
135.13	879
135.65	61
135.70	237
135.73	903
135.84	863
136.18	1063
136.88	69
137.12	935
137.74	1079
138.00	93
138.02	927
138.03	45
138.66	943
139.08	1023
139.10	53
140.28	181
140.40	117
141.18	213
141.87	1039
142.05	951
142.23	911
142.86	815
143.43	1055
143.58	173
143.63	101
144.15	253
144.23	37
144.50	831
145.10	197
145.34	1071
145.43	85
145.82	959
145.95	21
146.00	29
146.53	125
147.05	847
147.18	237
147.45	967
147.53	245
150.13	165
157.93	253
161.65	229
168.70	141
22.04	738
24.33	642
24.39	794
25.00	730
25.43	698
25.48	762
25.63	666
25.93	586
25.99	554
26.03	562
26.08	682
26.21	722
26.38	778
26.58	626
26.76	578
26.79	746
26.80	690
27.08	754
27.43	22
27.49	770
27.51	610
27.59	714
27.72	706
27.87	802
28.17	594
28.45	150
28.51	602
28.55	158
28.70	618
29.20	786
29.42	570
29.82	546
30.71	634
30.72	650
32.45	658
33.34	674
33.90	214
38.55	118
47.68	214
58.10	516
59.18	396
59.73	316
59.83	460
59.87	524
60.43	324
60.85	380
60.96	452
61.41	500
61.99	308
62.06	276
62.09	476
62.50	246
62.79	508
63.12	492
63.59	532
64.19	348
64.28	364
64.58	254
65.05	190
65.30	182
65.93	206
66.02	388
66.25	356
66.70	230
67.00	222
67.11	332
67.65	340
67.72	292
67.81	468
68.10	238
68.17	300
68.45	404
68.48	444
68.56	372
70.27	284
71.38	262
71.94	484
72.88	246
73.00	198
73.05	174
73.98	78
74.60	22
74.80	254
75.13	158
75.15	150
75.45	190
75.50	182
75.58	214
76.00	206
83.93	262
84.78	174
84.80	198
85.28	254
85.48	182
85.70	206
86.50	190
86.58	222
87.43	214
87.83	230
89.10	238
93.15	246
93.53	150
93.70	174
94.53	158
94.78	206
106.00	206
107.45	22
107.45	222
107.93	214
113.98	928
116.13	118
116.85	150
121.35	214
121.59	968
122.21	896
123.60	86
124.28	824
125.88	960
127.02	976
127.91	1048
129.00	118
130.33	150
130.82	944
131.68	872
131.70	1016
131.96	1024
132.02	992
132.71	864
132.73	1064
132.96	936
133.99	1056
134.10	214
134.50	206
134.83	1040
135.41	1032
136.61	832
137.02	1072
137.03	888
137.43	182
137.82	816
138.15	222
138.60	78
138.60	238
139.05	54
139.25	126
139.43	246
139.48	848
139.98	254
140.17	984
141.48	38
141.57	952
141.71	912
141.83	840
142.05	70
142.07	1000
142.78	46
143.33	102
143.60	1008
144.83	22
145.26	904
145.33	110
145.55	230
145.68	856
145.88	6
146.40	14
147.33	174
148.45	182
149.40	158
150.15	238
151.62	880
152.93	190
153.27	920
154.43	198
159.28	174
164.08	230
164.13	262
165.10	190
166.13	198
21.17	659
21.43	555
22.20	15
23.17	627
23.25	771
23.32	571
23.60	643
24.20	595
24.53	739
24.55	611
24.96	667
25.08	119
25.15	795
25.16	587
25.19	779
25.40	87
25.42	699
25.64	547
25.81	747
25.93	787
25.94	603
26.03	803
26.41	731
27.09	683
27.14	563
27.15	71
28.15	651
28.30	579
28.73	723
28.79	691
28.92	619
29.08	763
29.44	675
29.58	143
29.62	715
30.40	635
30.91	755
31.43	707
31.73	151
53.85	159
56.17	325
57.26	349
58.45	365
60.16	397
60.22	277
60.32	477
60.76	509
61.42	453
61.76	501
61.81	333
62.12	389
62.73	381
63.32	533
63.75	373
63.83	469
64.19	317
64.23	285
64.24	493
64.24	309
64.28	301
64.45	79
64.45	207
64.54	293
64.81	357
65.09	461
65.55	183
65.79	517
65.94	525
66.15	231
66.30	15
66.60	135
68.00	223
68.55	239
69.14	485
69.19	341
69.27	445
69.43	191
70.03	263
70.70	247
70.73	255
71.60	199
72.55	215
73.93	175
74.65	207
74.88	151
75.45	143
75.68	183
84.03	199
84.25	215
84.63	207
85.45	183
85.50	175
85.68	15
86.15	23
86.15	231
87.73	223
89.93	191
91.35	255
91.48	247
92.63	215
93.55	143
94.03	207
94.50	151
102.18	191
107.55	223
108.03	15
111.83	215
113.64	817
117.03	977
117.90	143
117.93	151
120.63	889
121.80	79
123.63	1057
124.53	215
130.25	1049
130.72	905
131.67	1009
132.48	247
132.48	1001
132.70	897
133.37	849
133.98	945
134.08	865
134.21	929
134.66	841
134.98	87
135.27	833
135.85	39
136.01	953
136.17	969
136.29	1025
136.58	119
136.80	55
136.85	825
136.93	913
137.71	881
137.93	191
138.45	215
138.98	1041
139.28	71
139.38	103
139.63	961
139.88	143
140.04	937
142.23	47
143.14	1017
143.19	921
143.83	1065
143.90	127
144.08	63
144.24	857
144.39	993
144.43	231
144.70	111
144.79	873
144.85	15
145.00	247
145.58	23
145.68	985
146.36	1073
146.78	7
147.23	207
148.15	151
148.45	183
149.18	191
149.51	1033
151.85	223
151.88	255
153.78	175
157.50	231
157.60	239
158.93	199
162.25	183
162.35	207
163.05	255
164.93	175
166.05	263
168.85	143
169.30	159
