0.000000000000000000e+00 -1.739109739140064192e+01
1.664960109653179643e+00 -1.752280296509751167e+01
3.329920219306472973e+00 -1.643422963120010394e+01
4.994880328959652616e+00 -1.440814889669302978e+01
6.659840438612832259e+00 -1.234841896404249972e+01
8.324800548266125588e+00 -1.085447443787323429e+01
9.989760657919305231e+00 -1.019603055328109598e+01
1.165472076757248487e+01 -1.021804306506665938e+01
1.331968087722577820e+01 -1.038100063030382714e+01
1.498464098687895785e+01 -9.657615000648856807e+00
1.664960109653225118e+01 -7.882513261248699443e+00
1.831456120618565819e+01 -5.408965640261861552e+00
1.997952131583883784e+01 -2.866959010991508627e+00
2.164448142549213117e+01 -1.018015036138072427e+00
2.330944153514531081e+01 -4.451583119554085033e-01
2.497440164479860414e+01 -6.077921208550876031e-01
2.663936175445167009e+01 -4.291477289689542007e-01
2.830432186410496342e+01 4.464929562189272616e-01
2.996928197375825675e+01 1.440280592399118209e+00
3.163424208341155008e+01 1.992078194425701998e+00
3.329920219306461604e+01 2.356211125715877319e+00
3.496416230271790937e+01 2.654839911675619835e+00
3.662912241237120270e+01 2.563908365725308336e+00
3.829408252202426866e+01 1.896107041690736184e+00
3.995904263167756199e+01 5.609553409902098275e-01
4.162400274133085532e+01 -1.417249775251743227e+00
4.328896285098392127e+01 -3.571246200132276449e+00
4.495392296063721460e+01 -5.674141523674451015e+00
4.661888307029050793e+01 -8.125775390058494807e+00
4.828384317994380126e+01 -1.126257012413342906e+01
4.994880328959686722e+01 -1.509826091271616733e+01
5.161376339925016055e+01 -1.954961741456537538e+01
5.327872350890345388e+01 -2.464511761094937015e+01
5.494368361855651983e+01 -3.007736406018783626e+01
5.660864372820981316e+01 -3.519602217579146952e+01
5.827360383786310649e+01 -3.924633249717346928e+01
5.993856394751617245e+01 -4.221295668929970901e+01
6.160352405716946578e+01 -4.415447371600131277e+01
6.326848416682298648e+01 -4.533709554457692548e+01
6.493344427647605244e+01 -4.618910128364935730e+01
6.659840438612934577e+01 -4.738734277155155183e+01
6.826336449578263910e+01 -4.880180247220629042e+01
6.992832460543593243e+01 -4.999133925867438677e+01
7.159328471508899838e+01 -5.138708694836100221e+01
7.325824482474229171e+01 -5.390187159983376830e+01
7.492320493439558504e+01 -5.694103245755952969e+01
7.658816504404865100e+01 -5.869079233686439778e+01
7.825312515370194433e+01 -5.847829348452760456e+01
7.991808526335523766e+01 -5.717585770330388328e+01
8.158304537300830361e+01 -5.537476440289668744e+01
8.324800548266159694e+01 -5.313052599535035370e+01
8.491296559231489027e+01 -5.053065287399950023e+01
8.657792570196795623e+01 -4.803286462216254904e+01
8.824288581162124956e+01 -4.585835560024014512e+01
8.990784592127454289e+01 -4.384122830049007291e+01
9.157280603092783622e+01 -4.167121953051659489e+01
9.323776614058090217e+01 -3.898802152230089035e+01
9.490272625023419550e+01 -3.557630307058123975e+01
9.656768635988748883e+01 -3.162031381173231992e+01
9.823264646954055479e+01 -2.771030115051798859e+01
9.989760657919384812e+01 -2.401996479689760022e+01
1.015625666888471414e+02 -2.057986030625672313e+01
1.032275267985002074e+02 -1.745933327830970327e+01
1.048924869081535007e+02 -1.512555275058919868e+01
1.065574470178067941e+02 -1.400723065120731725e+01
1.082224071274600874e+02 -1.363948547430024938e+01
1.098873672371133807e+02 -1.314909505048787608e+01
1.115523273467666741e+02 -1.252354973947022110e+01
1.132172874564199674e+02 -1.222187905292568288e+01
1.148822475660730333e+02 -1.196548651162263965e+01
1.165472076757263267e+02 -1.127082685878985302e+01
1.182121677853796200e+02 -1.012468323368697654e+01
1.198771278950326860e+02 -8.993624401304780136e+00
1.215420880046859793e+02 -8.256945560738177647e+00
1.232070481143392726e+02 -7.988178214989948955e+00
1.248720082239923386e+02 -7.696676606808013688e+00
1.265369683336456319e+02 -6.855895493538945118e+00
1.282019284432989252e+02 -5.449033163064974872e+00
1.298668885529522186e+02 -3.584570752614733458e+00
1.315318486626052845e+02 -1.586293830780281855e+00
1.331968087722585778e+02 3.127524992688606176e-01
1.348617688819118712e+02 2.424821065515363472e+00
1.365267289915649371e+02 5.267110640308571234e+00
1.381916891012182305e+02 8.542631696477778647e+00
1.398566492108715238e+02 1.159212161468700586e+01
1.415216093205245897e+02 1.463976080093673104e+01
1.431865694301778831e+02 1.838167297652613641e+01
1.448515295398311764e+02 2.253180738134657801e+01
1.465164896494842424e+02 2.586822661636823639e+01
1.481814497591375357e+02 2.805486192348674734e+01
1.498464098687908290e+02 2.954804521855655963e+01
1.515113699784441224e+02 3.044461640172714212e+01
1.531763300880971883e+02 3.080876040023911244e+01
1.548412901977507090e+02 3.071849604955554014e+01
1.565062503074040023e+02 2.996853865912283865e+01
1.581712104170570683e+02 2.862246417811610399e+01
1.598361705267103616e+02 2.719565783594259045e+01
1.615011306363636550e+02 2.587077490157702897e+01
1.631660907460167209e+02 2.458379880555187214e+01
1.648310508556700142e+02 2.337764373735470969e+01
1.664960109653233076e+02 2.207247975977810484e+01
1.681609710749766009e+02 2.080344574306172234e+01
1.698259311846296669e+02 2.033985508239738849e+01
