0.00	270
0.00	271
0.53	35
0.53	36
0.53	37
0.53	38
0.53	39
0.53	40
0.53	41
0.53	42
0.53	43
0.53	44
0.53	45
0.53	46
0.53	47
0.53	48
0.53	49
0.53	50
0.53	51
0.53	52
0.53	53
0.53	54
0.53	55
0.53	56
0.53	57
0.53	58
0.53	59
0.53	60
0.53	61
0.53	62
0.53	63
0.53	64
0.53	65
0.53	66
0.53	67
0.53	68
0.53	69
0.53	70
0.53	71
0.53	72
0.53	73
0.53	74
0.53	75
0.53	76
0.53	77
0.53	78
0.53	79
0.53	80
0.53	81
0.53	82
0.53	83
0.53	84
0.53	85
0.53	86
0.53	87
0.53	88
0.53	89
0.53	90
0.53	91
0.53	92
0.53	93
0.53	94
0.53	95
0.53	96
0.53	97
0.53	98
0.53	99
0.53	100
0.53	101
0.53	102
0.53	103
0.53	104
0.53	105
0.53	106
0.53	107
0.53	108
0.53	109
0.53	110
0.53	111
0.53	112
0.53	113
0.53	114
0.53	115
0.53	116
0.53	117
0.53	118
0.53	119
0.53	120
0.53	121
0.53	122
0.53	123
0.53	124
0.53	125
0.53	126
0.53	127
0.53	128
0.53	129
0.53	130
0.53	131
0.53	132
0.53	133
0.53	134
1.00	170
1.00	171
1.00	172
1.00	173
1.00	174
1.00	175
1.00	176
1.00	177
1.00	178
1.00	179
1.00	180
1.00	181
1.00	182
1.00	183
1.00	184
1.00	185
1.00	186
1.00	187
1.00	188
1.00	189
1.00	190
1.00	191
1.00	192
1.00	193
1.00	194
1.00	195
1.00	196
1.00	197
1.00	198
1.00	199
1.00	200
1.00	201
1.00	202
1.00	203
1.00	204
1.00	205
1.00	206
1.00	207
1.00	208
1.00	209
1.00	210
1.00	211
1.00	212
1.00	213
1.00	214
1.00	215
1.00	216
1.00	217
1.00	218
1.00	219
1.00	220
1.00	221
1.00	222
1.00	223
1.00	224
1.00	225
1.00	226
1.00	227
1.00	228
1.00	229
1.00	230
1.00	231
1.00	232
1.00	233
1.00	234
1.00	235
1.00	236
1.00	237
1.00	238
1.00	239
1.00	240
1.00	241
1.00	242
1.00	243
1.00	244
1.00	245
1.00	246
1.00	247
1.00	248
1.00	249
1.00	250
1.00	251
1.00	252
1.00	253
1.00	254
1.00	255
1.00	256
1.00	257
1.00	258
1.00	259
1.00	260
1.00	261
1.00	262
1.00	263
1.00	264
1.00	265
1.00	266
1.00	267
1.00	268
1.00	269
3.05	8
3.05	9
3.05	12
3.05	13
3.05	15
3.05	16
3.05	19
3.05	20
3.05	22
3.05	23
3.05	26
3.05	27
3.08	5
3.08	6
3.08	11
3.08	18
3.08	25
3.08	29
3.08	30
3.10	4
3.25	1
3.25	2
3.25	7
3.25	10
3.25	14
3.25	17
3.25	21
3.25	24
3.25	33
3.25	34
3.28	28
3.28	31
3.28	32
3.50	0
3.50	3
3.68	143
3.68	144
3.68	147
3.68	148
3.68	150
3.68	151
3.68	154
3.68	155
3.68	157
3.68	158
3.68	161
3.68	162
3.70	140
3.70	141
3.70	146
3.70	153
3.70	160
3.70	164
3.70	165
3.73	139
3.90	136
3.90	137
3.90	142
3.90	145
3.90	149
3.90	152
3.90	156
3.90	159
3.90	168
3.90	169
3.95	163
3.95	166
3.95	167
4.18	135
4.18	138
12.43	35
12.43	36
12.43	37
12.43	38
12.43	39
12.43	40
12.43	41
12.43	42
12.43	43
12.43	44
12.43	45
12.43	46
12.43	47
12.43	48
12.43	50
12.43	51
12.43	52
12.43	53
12.43	54
12.43	55
12.43	56
12.43	62
12.43	63
12.43	64
12.43	65
12.43	66
12.43	73
12.43	74
12.43	75
12.43	76
12.43	83
12.43	84
12.43	85
12.43	86
12.43	93
12.43	94
12.43	95
12.43	96
12.43	103
12.43	104
12.43	105
12.43	106
12.43	107
12.43	112
12.43	113
12.43	114
12.43	115
12.43	116
12.43	117
12.43	118
12.43	119
12.43	120
12.43	121
12.43	122
12.43	123
12.43	124
12.43	125
12.43	126
12.43	127
12.43	128
12.43	129
12.43	130
12.43	131
12.43	132
12.43	133
12.43	134
12.45	49
12.45	57
12.45	58
12.45	59
12.45	60
12.45	61
12.45	67
12.45	68
12.45	69
12.45	70
12.45	71
12.45	72
12.45	77
12.45	78
12.45	79
12.45	80
12.45	81
12.45	82
12.45	87
12.45	88
12.45	89
12.45	90
12.45	91
12.45	92
12.45	97
12.45	98
12.45	99
12.45	100
12.45	101
12.45	102
12.45	108
12.45	109
12.45	110
12.45	111
15.40	170
15.40	171
15.40	172
15.40	173
15.40	174
15.40	175
15.40	176
15.40	177
15.40	178
15.40	179
15.40	180
15.40	181
15.40	182
15.40	183
15.40	184
15.40	185
15.40	186
15.40	187
15.40	188
15.40	189
15.40	190
15.40	191
15.40	192
15.40	193
15.40	194
15.40	195
15.40	196
15.40	197
15.40	198
15.40	199
15.40	200
15.40	201
15.40	202
15.40	203
15.40	204
15.40	205
15.40	206
15.40	207
15.40	208
15.40	209
15.40	210
15.40	211
15.40	212
15.40	213
15.40	214
15.40	215
15.40	216
15.40	217
15.40	218
15.40	219
15.40	220
15.40	221
15.40	222
15.40	223
15.40	224
15.40	225
15.40	226
15.40	227
15.40	228
15.40	229
15.40	230
15.40	231
15.40	232
15.40	233
15.40	234
15.40	235
15.40	236
15.40	237
15.40	238
15.40	239
15.40	240
15.40	241
15.40	242
15.40	243
15.40	244
15.40	245
15.40	246
15.40	247
15.40	248
15.40	249
15.40	250
15.40	251
15.40	252
15.40	253
15.40	254
15.40	255
15.40	256
15.40	257
15.40	258
15.40	259
15.40	260
15.40	261
15.40	262
15.40	263
15.40	264
15.40	265
15.40	266
15.40	267
15.40	268
15.40	269
16.53	12
16.53	16
16.53	19
16.55	15
16.55	20
16.55	22
16.55	23
16.58	8
16.58	9
16.58	13
16.58	26
16.60	27
16.95	5
16.95	18
16.95	29
16.95	30
16.98	11
17.05	6
17.08	25
17.78	4
18.33	17
18.35	24
18.35	33
18.45	2
18.45	14
18.48	21
18.50	1
18.78	147
18.78	150
18.78	151
18.78	154
18.78	155
18.78	158
18.78	161
18.80	143
18.80	144
18.80	148
18.80	157
18.80	162
18.95	140
18.95	141
18.95	146
18.95	153
18.95	160
18.95	164
18.95	165
19.18	139
19.43	149
19.43	152
19.43	159
19.43	168
19.45	136
19.45	137
19.45	156
19.48	142
19.48	145
19.48	169
19.78	163
19.78	166
19.78	167
25.48	44
25.48	124
25.48	125
25.48	134
25.50	35
25.50	36
25.50	37
25.50	38
25.50	39
25.50	40
25.50	41
25.50	42
25.50	43
25.50	45
25.50	46
25.50	47
25.50	51
25.50	52
25.50	53
25.50	54
25.50	55
25.50	56
25.50	63
25.50	64
25.50	65
25.50	73
25.50	74
25.50	75
25.50	83
25.50	84
25.50	85
25.50	93
25.50	94
25.50	95
25.50	96
25.50	103
25.50	104
25.50	105
25.50	106
25.50	112
25.50	113
25.50	114
25.50	115
25.50	116
25.50	117
25.50	118
25.50	119
25.50	120
25.50	121
25.50	122
25.50	123
25.50	126
25.50	127
25.50	128
25.50	129
25.50	130
25.50	131
25.50	132
25.50	133
25.53	48
25.53	49
25.53	50
25.53	57
25.53	58
25.53	59
25.53	60
25.53	61
25.53	62
25.53	66
25.53	67
25.53	68
25.53	69
25.53	70
25.53	71
25.53	72
25.53	76
25.53	77
25.53	78
25.53	79
25.53	80
25.53	81
25.53	82
25.53	86
25.53	87
25.53	88
25.53	89
25.53	90
25.53	91
25.53	92
25.53	97
25.53	98
25.53	99
25.53	100
25.53	101
25.53	102
25.53	107
25.53	108
25.53	109
25.53	110
25.53	111
29.73	12
29.73	15
29.73	16
29.73	19
29.73	22
29.73	23
29.75	20
29.78	8
29.78	9
29.78	13
29.78	26
29.80	27
30.20	29
30.20	30
30.23	5
30.23	11
30.23	18
30.38	6
30.38	25
30.80	10
30.80	34
30.85	7
37.40	170
37.40	171
37.40	172
37.40	173
37.40	174
37.40	175
37.40	176
37.40	177
37.40	178
37.40	179
37.40	180
37.40	181
37.40	182
37.40	183
37.40	187
37.40	188
37.40	189
37.40	190
37.40	191
37.40	192
37.40	198
37.40	199
37.40	200
37.40	201
37.40	208
37.40	209
37.40	210
37.40	211
37.40	219
37.40	220
37.40	221
37.40	229
37.40	230
37.40	231
37.40	232
37.40	238
37.40	239
37.40	240
37.40	241
37.40	242
37.40	243
37.40	247
37.40	248
37.40	249
37.40	250
37.40	251
37.40	252
37.40	253
37.40	254
37.40	255
37.40	256
37.40	257
37.40	258
37.40	259
37.40	260
37.40	261
37.40	262
37.40	263
37.40	264
37.40	265
37.40	266
37.40	267
37.40	268
37.40	269
37.43	184
37.43	185
37.43	186
37.43	193
37.43	194
37.43	195
37.43	196
37.43	197
37.43	202
37.43	203
37.43	204
37.43	205
37.43	206
37.43	207
37.43	212
37.43	213
37.43	214
37.43	215
37.43	216
37.43	217
37.43	218
37.43	222
37.43	223
37.43	224
37.43	225
37.43	226
37.43	227
37.43	228
37.43	233
37.43	234
37.43	235
37.43	236
37.43	237
37.43	244
37.43	245
37.43	246
38.13	35
38.13	44
38.13	125
38.13	134
38.15	36
38.15	37
38.15	38
38.15	39
38.15	40
38.15	41
38.15	42
38.15	43
38.15	45
38.15	46
38.15	47
38.15	48
38.15	49
38.15	50
38.15	51
38.15	52
38.15	53
38.15	54
38.15	55
38.15	56
38.15	57
38.15	62
38.15	63
38.15	64
38.15	65
38.15	66
38.15	73
38.15	74
38.15	75
38.15	76
38.15	83
38.15	84
38.15	85
38.15	86
38.15	93
38.15	94
38.15	95
38.15	96
38.15	103
38.15	104
38.15	105
38.15	106
38.15	107
38.15	112
38.15	113
38.15	114
38.15	115
38.15	116
38.15	117
38.15	118
38.15	119
38.15	120
38.15	121
38.15	122
38.15	123
38.15	124
38.15	126
38.15	127
38.15	128
38.15	129
38.15	130
38.15	131
38.15	132
38.15	133
38.18	58
38.18	59
38.18	60
38.18	61
38.18	67
38.18	68
38.18	69
38.18	70
38.18	71
38.18	72
38.18	77
38.18	78
38.18	79
38.18	80
38.18	81
38.18	82
38.18	87
38.18	88
38.18	89
38.18	90
38.18	91
38.18	92
38.18	97
38.18	98
38.18	99
38.18	100
38.18	101
38.18	102
38.18	108
38.18	109
38.18	110
38.18	111
40.13	144
40.13	148
40.13	162
40.15	143
40.15	147
40.15	150
40.15	151
40.15	154
40.15	155
40.15	157
40.15	158
40.15	161
40.18	140
40.18	141
40.18	146
40.18	153
40.18	160
40.18	164
40.18	165
40.20	139
40.38	136
40.38	137
40.38	142
40.38	145
40.38	149
40.38	152
40.38	159
40.38	168
40.38	169
40.40	156
40.45	163
40.45	166
40.45	167
40.63	135
40.63	138
42.15	12
42.15	15
42.15	16
42.15	19
42.15	22
42.15	23
42.18	8
42.18	9
42.18	13
42.18	20
42.18	26
42.20	27
42.53	4
42.53	5
42.55	11
42.55	18
42.55	29
42.55	30
42.63	6
42.63	25
42.75	1
42.75	2
42.75	14
42.75	17
42.75	21
42.75	24
42.75	33
43.33	28
43.33	31
43.33	32
51.75	35
51.75	44
51.75	45
51.75	115
51.75	124
51.75	125
51.75	126
51.75	133
51.75	134
51.78	36
51.78	37
51.78	38
51.78	39
51.78	40
51.78	41
51.78	42
51.78	43
51.78	46
51.78	47
51.78	48
51.78	49
51.78	50
51.78	51
51.78	52
51.78	53
51.78	54
51.78	55
51.78	56
51.78	57
51.78	62
51.78	63
51.78	64
51.78	65
51.78	66
51.78	73
51.78	74
51.78	75
51.78	76
51.78	83
51.78	84
51.78	85
51.78	86
51.78	93
51.78	94
51.78	95
51.78	96
51.78	97
51.78	103
51.78	104
51.78	105
51.78	106
51.78	107
51.78	108
51.78	112
51.78	113
51.78	114
51.78	116
51.78	117
51.78	118
51.78	119
51.78	120
51.78	121
51.78	122
51.78	123
51.78	127
51.78	128
51.78	129
51.78	130
51.78	131
51.78	132
51.80	58
51.80	59
51.80	60
51.80	61
51.80	67
51.80	68
51.80	69
51.80	70
51.80	71
51.80	72
51.80	77
51.80	78
51.80	79
51.80	80
51.80	81
51.80	82
51.80	87
51.80	88
51.80	89
51.80	90
51.80	91
51.80	92
51.80	98
51.80	99
51.80	100
51.80	101
51.80	102
51.80	109
51.80	110
51.80	111
55.70	12
55.70	15
55.70	16
55.70	19
55.70	23
55.73	8
55.73	9
55.73	13
55.73	20
55.73	22
55.73	26
55.75	27
56.03	5
56.05	11
56.05	18
56.05	30
56.08	29
56.10	6
56.15	25
56.58	10
56.63	7
56.63	34
56.68	4
56.95	17
56.98	2
57.00	1
57.00	24
57.03	14
57.03	33
57.05	21
59.25	170
59.25	178
59.25	179
59.25	189
59.25	250
59.25	259
59.25	260
59.25	261
59.25	268
59.25	269
59.28	171
59.28	172
59.28	173
59.28	174
59.28	175
59.28	176
59.28	177
59.28	180
59.28	181
59.28	182
59.28	183
59.28	184
59.28	185
59.28	186
59.28	187
59.28	188
59.28	190
59.28	191
59.28	192
59.28	193
59.28	194
59.28	195
59.28	196
59.28	197
59.28	198
59.28	199
59.28	200
59.28	201
59.28	202
59.28	203
59.28	204
59.28	205
59.28	206
59.28	207
59.28	208
59.28	209
59.28	210
59.28	211
59.28	212
59.28	213
59.28	214
59.28	215
59.28	216
59.28	217
59.28	218
59.28	219
59.28	220
59.28	221
59.28	222
59.28	223
59.28	224
59.28	225
59.28	226
59.28	227
59.28	228
59.28	229
59.28	230
59.28	231
59.28	232
59.28	233
59.28	234
59.28	235
59.28	236
59.28	237
59.28	238
59.28	239
59.28	240
59.28	241
59.28	242
59.28	243
59.28	244
59.28	245
59.28	246
59.28	247
59.28	248
59.28	249
59.28	251
59.28	252
59.28	253
59.28	254
59.28	255
59.28	256
59.28	257
59.28	258
59.28	262
59.28	263
59.28	264
59.28	265
59.28	266
59.28	267
61.98	143
61.98	144
61.98	147
61.98	148
61.98	150
61.98	151
61.98	154
61.98	155
61.98	157
61.98	158
61.98	161
61.98	162
62.00	140
62.00	141
62.00	146
62.00	153
62.00	160
62.00	164
62.00	165
62.05	139
62.20	136
62.20	137
62.20	142
62.20	145
62.20	149
62.20	152
62.20	156
62.20	159
62.20	168
62.20	169
62.25	163
62.25	166
62.25	167
62.50	138
62.53	135
65.70	35
65.70	44
65.70	124
65.70	125
65.70	134
65.73	36
65.73	37
65.73	38
65.73	39
65.73	40
65.73	41
65.73	42
65.73	43
65.73	45
65.73	46
65.73	47
65.73	52
65.73	53
65.73	54
65.73	55
65.73	56
65.73	63
65.73	64
65.73	65
65.73	73
65.73	74
65.73	75
65.73	84
65.73	85
65.73	94
65.73	95
65.73	96
65.73	103
65.73	104
65.73	105
65.73	106
65.73	113
65.73	114
65.73	115
65.73	116
65.73	117
65.73	118
65.73	119
65.73	120
65.73	121
65.73	122
65.73	123
65.73	126
65.73	127
65.73	128
65.73	129
65.73	130
65.73	131
65.73	132
65.73	133
65.75	48
65.75	49
65.75	50
65.75	51
65.75	57
65.75	58
65.75	59
65.75	60
65.75	61
65.75	62
65.75	66
65.75	67
65.75	68
65.75	69
65.75	70
65.75	71
65.75	72
65.75	76
65.75	77
65.75	78
65.75	79
65.75	80
65.75	81
65.75	82
65.75	83
65.75	86
65.75	87
65.75	88
65.75	89
65.75	90
65.75	91
65.75	92
65.75	93
65.75	97
65.75	98
65.75	99
65.75	100
65.75	101
65.75	102
65.75	107
65.75	108
65.75	109
65.75	110
65.75	111
65.75	112
69.55	12
69.55	15
69.55	16
69.55	19
69.55	22
69.55	23
69.58	8
69.58	9
69.58	13
69.58	20
69.58	26
69.58	27
69.85	30
69.88	5
69.88	11
69.88	18
69.88	29
69.93	6
69.93	25
70.43	4
70.70	17
70.70	24
70.70	33
70.73	1
70.73	2
70.73	14
70.73	21
70.88	31
70.90	28
70.90	32
71.00	10
71.00	34
71.05	7
80.15	35
80.15	44
80.15	45
80.15	115
80.15	124
80.15	125
80.15	126
80.15	133
80.15	134
80.18	36
80.18	37
80.18	38
80.18	39
80.18	40
80.18	41
80.18	42
80.18	43
80.18	46
80.18	47
80.18	48
80.18	51
80.18	52
80.18	53
80.18	54
80.18	55
80.18	56
80.18	57
80.18	63
80.18	64
80.18	65
80.18	66
80.18	73
80.18	74
80.18	75
80.18	76
80.18	84
80.18	85
80.18	86
80.18	93
80.18	94
80.18	95
80.18	96
80.18	103
80.18	104
80.18	105
80.18	106
80.18	107
80.18	112
80.18	113
80.18	114
80.18	116
80.18	117
80.18	118
80.18	119
80.18	120
80.18	121
80.18	122
80.18	123
80.18	127
80.18	128
80.18	129
80.18	130
80.18	131
80.18	132
80.20	49
80.20	50
80.20	58
80.20	59
80.20	60
80.20	61
80.20	62
80.20	67
80.20	68
80.20	69
80.20	70
80.20	71
80.20	72
80.20	77
80.20	78
80.20	79
80.20	80
80.20	81
80.20	82
80.20	83
80.20	87
80.20	88
80.20	89
80.20	90
80.20	91
80.20	92
80.20	97
80.20	98
80.20	99
80.20	100
80.20	101
80.20	102
80.20	108
80.20	109
80.20	110
80.20	111
81.60	170
81.60	178
81.60	179
81.60	189
81.60	250
81.60	259
81.60	260
81.60	261
81.60	268
81.60	269
81.63	171
81.63	172
81.63	173
81.63	174
81.63	175
81.63	176
81.63	177
81.63	180
81.63	181
81.63	182
81.63	183
81.63	184
81.63	185
81.63	186
81.63	187
81.63	188
81.63	190
81.63	191
81.63	192
81.63	193
81.63	194
81.63	195
81.63	196
81.63	197
81.63	198
81.63	199
81.63	200
81.63	201
81.63	202
81.63	203
81.63	204
81.63	205
81.63	206
81.63	207
81.63	208
81.63	209
81.63	210
81.63	211
81.63	212
81.63	213
81.63	214
81.63	215
81.63	216
81.63	217
81.63	218
81.63	219
81.63	220
81.63	221
81.63	222
81.63	223
81.63	224
81.63	225
81.63	226
81.63	227
81.63	228
81.63	229
81.63	230
81.63	231
81.63	232
81.63	233
81.63	234
81.63	235
81.63	236
81.63	237
81.63	238
81.63	239
81.63	240
81.63	241
81.63	242
81.63	243
81.63	244
81.63	245
81.63	246
81.63	247
81.63	248
81.63	249
81.63	251
81.63	252
81.63	253
81.63	254
81.63	255
81.63	256
81.63	257
81.63	258
81.63	262
81.63	263
81.63	264
81.63	265
81.63	266
81.63	267
83.93	12
83.93	15
83.93	16
83.93	19
83.93	23
83.95	8
83.95	9
83.95	13
83.95	20
83.95	22
83.95	26
83.98	27
84.20	5
84.23	11
84.23	18
84.23	29
84.23	30
84.25	6
84.28	25
84.30	143
84.30	144
84.30	147
84.30	148
84.30	150
84.30	151
84.30	154
84.30	155
84.30	157
84.30	158
84.30	161
84.30	162
84.33	140
84.33	141
84.33	146
84.33	153
84.33	160
84.33	164
84.33	165
84.38	139
84.53	136
84.53	137
84.53	142
84.53	145
84.53	149
84.53	152
84.53	156
84.53	159
84.53	168
84.53	169
84.58	163
84.58	166
84.58	167
84.70	4
84.80	138
84.83	135
84.98	2
84.98	17
85.00	1
85.00	14
85.00	24
85.00	33
85.03	21
85.18	10
85.20	7
85.20	34
94.35	35
94.35	36
94.35	37
94.35	42
94.35	43
94.35	44
94.35	45
94.35	53
94.35	54
94.35	55
94.35	64
94.35	104
94.35	105
94.35	114
94.35	115
94.35	116
94.35	123
94.35	124
94.35	125
94.35	126
94.35	127
94.35	128
94.35	131
94.35	132
94.35	133
94.35	134
94.38	38
94.38	39
94.38	40
94.38	41
94.38	46
94.38	47
94.38	48
94.38	49
94.38	50
94.38	51
94.38	52
94.38	56
94.38	57
94.38	58
94.38	59
94.38	60
94.38	61
94.38	62
94.38	63
94.38	65
94.38	66
94.38	67
94.38	68
94.38	69
94.38	71
94.38	72
94.38	73
94.38	74
94.38	75
94.38	76
94.38	77
94.38	78
94.38	79
94.38	80
94.38	81
94.38	82
94.38	83
94.38	84
94.38	85
94.38	86
94.38	87
94.38	88
94.38	89
94.38	90
94.38	91
94.38	92
94.38	93
94.38	94
94.38	95
94.38	96
94.38	97
94.38	98
94.38	99
94.38	100
94.38	101
94.38	102
94.38	103
94.38	106
94.38	107
94.38	108
94.38	109
94.38	110
94.38	111
94.38	112
94.38	113
94.38	117
94.38	118
94.38	119
94.38	120
94.38	121
94.38	122
94.38	129
94.38	130
94.40	70
98.00	12
98.00	15
98.00	16
98.00	19
98.03	8
98.03	9
98.03	13
98.03	20
98.03	22
98.03	23
98.03	26
98.03	27
98.25	18
98.25	30
98.28	5
98.28	11
98.28	29
98.30	6
98.30	25
98.68	4
98.95	17
98.95	33
98.98	1
98.98	2
98.98	14
98.98	21
98.98	24
99.08	31
99.10	7
99.10	10
99.10	28
99.10	32
99.10	34
104.33	170
104.33	171
104.33	172
104.33	173
104.33	174
104.33	175
104.33	176
104.33	177
104.33	178
104.33	179
104.33	180
104.33	181
104.33	182
104.33	187
104.33	188
104.33	189
104.33	190
104.33	191
104.33	198
104.33	199
104.33	200
104.33	208
104.33	209
104.33	210
104.33	219
104.33	220
104.33	229
104.33	230
104.33	231
104.33	238
104.33	239
104.33	240
104.33	241
104.33	242
104.33	247
104.33	248
104.33	249
104.33	250
104.33	251
104.33	252
104.33	253
104.33	256
104.33	257
104.33	258
104.33	259
104.33	260
104.33	261
104.33	262
104.33	263
104.33	264
104.33	265
104.33	266
104.33	267
104.33	268
104.33	269
104.35	183
104.35	184
104.35	185
104.35	186
104.35	192
104.35	193
104.35	194
104.35	195
104.35	196
104.35	197
104.35	201
104.35	202
104.35	203
104.35	204
104.35	205
104.35	206
104.35	207
104.35	211
104.35	212
104.35	213
104.35	214
104.35	215
104.35	216
104.35	217
104.35	218
104.35	221
104.35	222
104.35	223
104.35	224
104.35	225
104.35	226
104.35	227
104.35	228
104.35	232
104.35	233
104.35	234
104.35	235
104.35	236
104.35	237
104.35	243
104.35	244
104.35	245
104.35	246
104.35	254
104.35	255
107.00	143
107.00	144
107.00	148
107.00	155
107.00	157
107.00	158
107.00	161
107.00	162
107.03	140
107.03	141
107.03	146
107.03	147
107.03	150
107.03	151
107.03	153
107.03	154
107.03	160
107.03	164
107.03	165
107.05	139
107.20	136
107.20	137
107.20	142
107.20	145
107.20	152
107.20	156
107.20	159
107.20	168
107.20	169
107.23	149
107.25	163
107.25	166
107.25	167
107.50	135
107.50	138
108.90	35
108.90	36
108.90	37
108.90	42
108.90	43
108.90	44
108.90	45
108.90	46
108.90	54
108.90	55
108.90	64
108.90	65
108.90	95
108.90	105
108.90	114
108.90	115
108.90	116
108.90	123
108.90	124
108.90	125
108.90	126
108.90	127
108.90	128
108.90	129
108.90	130
108.90	131
108.90	132
108.90	133
108.90	134
108.93	38
108.93	39
108.93	40
108.93	41
108.93	47
108.93	48
108.93	49
108.93	50
108.93	51
108.93	52
108.93	53
108.93	56
108.93	57
108.93	58
108.93	59
108.93	60
108.93	61
108.93	62
108.93	63
108.93	66
108.93	67
108.93	68
108.93	69
108.93	71
108.93	72
108.93	73
108.93	74
108.93	75
108.93	76
108.93	77
108.93	78
108.93	80
108.93	82
108.93	83
108.93	84
108.93	85
108.93	86
108.93	87
108.93	88
108.93	89
108.93	91
108.93	92
108.93	93
108.93	94
108.93	96
108.93	97
108.93	98
108.93	99
108.93	100
108.93	101
108.93	102
108.93	103
108.93	104
108.93	106
108.93	107
108.93	108
108.93	109
108.93	110
108.93	111
108.93	112
108.93	113
108.93	117
108.93	118
108.93	119
108.93	120
108.93	121
108.93	122
108.95	70
108.95	79
108.95	81
108.95	90
112.50	12
112.50	16
112.50	19
112.53	8
112.53	9
112.53	13
112.53	15
112.53	20
112.53	22
112.53	23
112.53	26
112.55	27
112.75	5
112.75	18
112.78	6
112.78	11
112.78	29
112.78	30
112.80	25
113.13	4
113.40	17
113.43	1
113.43	2
113.43	14
113.43	24
113.43	33
113.45	21
113.53	10
113.53	34
113.55	7
123.20	35
123.20	36
123.20	43
123.20	44
123.20	45
123.20	54
123.20	115
123.20	124
123.20	125
123.20	126
123.20	133
123.20	134
123.23	37
123.23	38
123.23	39
123.23	40
123.23	41
123.23	42
123.23	46
123.23	47
123.23	48
123.23	49
123.23	50
123.23	51
123.23	52
123.23	53
123.23	55
123.23	56
123.23	57
123.23	62
123.23	63
123.23	64
123.23	65
123.23	66
123.23	73
123.23	74
123.23	75
123.23	76
123.23	83
123.23	84
123.23	85
123.23	86
123.23	93
123.23	94
123.23	95
123.23	96
123.23	103
123.23	104
123.23	105
123.23	106
123.23	107
123.23	111
123.23	112
123.23	113
123.23	114
123.23	116
123.23	117
123.23	118
123.23	119
123.23	120
123.23	121
123.23	122
123.23	123
123.23	127
123.23	128
123.23	129
123.23	130
123.23	131
123.23	132
123.25	58
123.25	59
123.25	60
123.25	61
123.25	67
123.25	68
123.25	69
123.25	70
123.25	71
123.25	72
123.25	77
123.25	78
123.25	79
123.25	80
123.25	81
123.25	82
123.25	87
123.25	88
123.25	89
123.25	90
123.25	91
123.25	92
123.25	97
123.25	98
123.25	99
123.25	100
123.25	101
123.25	102
123.25	108
123.25	109
123.25	110
126.75	12
126.75	15
126.75	16
126.75	19
126.75	20
126.75	22
126.75	23
126.78	8
126.78	9
126.78	13
126.78	26
126.78	27
126.98	5
126.98	11
126.98	18
126.98	29
126.98	30
127.00	6
127.00	25
127.33	4
127.33	170
127.33	171
127.33	172
127.33	173
127.33	174
127.33	175
127.33	176
127.33	177
127.33	178
127.33	179
127.33	180
127.33	181
127.33	182
127.33	183
127.33	187
127.33	188
127.33	189
127.33	190
127.33	191
127.33	192
127.33	197
127.33	198
127.33	199
127.33	200
127.33	201
127.33	208
127.33	209
127.33	210
127.33	218
127.33	219
127.33	220
127.33	221
127.33	228
127.33	229
127.33	230
127.33	231
127.33	238
127.33	239
127.33	240
127.33	241
127.33	242
127.33	247
127.33	248
127.33	249
127.33	250
127.33	251
127.33	252
127.33	253
127.33	254
127.33	255
127.33	256
127.33	257
127.33	258
127.33	259
127.33	260
127.33	261
127.33	262
127.33	263
127.33	264
127.33	265
127.33	266
127.33	267
127.33	268
127.33	269
127.35	184
127.35	185
127.35	186
127.35	193
127.35	194
127.35	195
127.35	196
127.35	202
127.35	203
127.35	204
127.35	205
127.35	206
127.35	207
127.35	211
127.35	212
127.35	213
127.35	214
127.35	215
127.35	216
127.35	217
127.35	222
127.35	223
127.35	224
127.35	225
127.35	226
127.35	227
127.35	232
127.35	233
127.35	234
127.35	235
127.35	236
127.35	237
127.35	243
127.35	244
127.35	245
127.35	246
127.58	17
127.58	33
127.60	1
127.60	2
127.60	14
127.60	21
127.60	24
127.68	10
127.68	34
127.70	7
127.75	28
127.75	31
127.75	32
130.00	141
130.00	143
130.00	144
130.00	147
130.00	148
130.00	150
130.00	151
130.00	154
130.00	155
130.00	157
130.00	158
130.00	161
130.00	162
130.00	165
130.03	140
130.03	146
130.03	153
130.03	160
130.03	164
130.05	139
130.20	136
130.20	137
130.20	142
130.20	145
130.20	149
130.20	152
130.20	156
130.20	159
130.20	168
130.20	169
130.23	166
130.23	167
130.25	163
130.48	135
130.48	138
137.88	35
137.88	44
137.88	115
137.88	124
137.88	125
137.88	126
137.88	133
137.88	134
137.90	36
137.90	37
137.90	38
137.90	39
137.90	40
137.90	41
137.90	42
137.90	43
137.90	45
137.90	46
137.90	47
137.90	48
137.90	51
137.90	52
137.90	53
137.90	54
137.90	55
137.90	56
137.90	57
137.90	63
137.90	64
137.90	65
137.90	66
137.90	73
137.90	74
137.90	75
137.90	76
137.90	84
137.90	85
137.90	86
137.90	94
137.90	95
137.90	96
137.90	103
137.90	104
137.90	105
137.90	106
137.90	107
137.90	112
137.90	113
137.90	114
137.90	116
137.90	117
137.90	118
137.90	119
137.90	120
137.90	121
137.90	122
137.90	123
137.90	127
137.90	128
137.90	129
137.90	130
137.90	131
137.90	132
137.93	49
137.93	50
137.93	58
137.93	59
137.93	60
137.93	61
137.93	62
137.93	67
137.93	68
137.93	69
137.93	70
137.93	71
137.93	72
137.93	77
137.93	78
137.93	79
137.93	80
137.93	81
137.93	82
137.93	83
137.93	87
137.93	88
137.93	89
137.93	90
137.93	91
137.93	92
137.93	93
137.93	97
137.93	98
137.93	99
137.93	100
137.93	101
137.93	102
137.93	108
137.93	109
137.93	110
137.93	111
141.40	12
141.40	15
141.40	16
141.40	19
141.43	8
141.43	9
141.43	13
141.43	20
141.43	22
141.43	23
141.43	26
141.43	27
141.63	5
141.63	6
141.63	11
141.63	18
141.63	29
141.63	30
141.65	25
141.95	4
142.23	1
142.23	2
142.23	14
142.23	17
142.23	24
142.23	33
142.25	21
142.30	10
142.33	7
142.33	34
142.90	31
142.95	28
142.95	32
150.55	170
150.55	171
150.55	172
150.55	173
150.55	174
150.55	175
150.55	176
150.55	177
150.55	178
150.55	179
150.55	180
150.55	181
150.55	188
150.55	189
150.55	190
150.55	198
150.55	199
150.55	200
150.55	209
150.55	210
150.55	219
150.55	220
150.55	229
150.55	230
150.55	239
150.55	240
150.55	241
150.55	248
150.55	249
150.55	250
150.55	251
150.55	252
150.55	257
150.55	258
150.55	259
150.55	260
150.55	261
150.55	262
150.55	263
150.55	264
150.55	265
150.55	266
150.55	267
150.55	268
150.55	269
150.58	182
150.58	183
150.58	184
150.58	185
150.58	186
150.58	187
150.58	191
150.58	192
150.58	193
150.58	194
150.58	195
150.58	196
150.58	197
150.58	201
150.58	202
150.58	203
150.58	204
150.58	205
150.58	206
150.58	207
150.58	208
150.58	211
150.58	212
150.58	213
150.58	214
150.58	215
150.58	216
150.58	217
150.58	218
150.58	221
150.58	222
150.58	223
150.58	224
150.58	225
150.58	226
150.58	227
150.58	228
150.58	231
150.58	232
150.58	233
150.58	234
150.58	235
150.58	236
150.58	237
150.58	238
150.58	242
150.58	243
150.58	244
150.58	245
150.58	246
150.58	247
150.58	253
150.58	254
150.58	255
150.58	256
152.68	35
152.68	125
152.68	134
152.70	36
152.70	37
152.70	38
152.70	39
152.70	41
152.70	42
152.70	43
152.70	44
152.70	45
152.70	46
152.70	53
152.70	54
152.70	55
152.70	56
152.70	64
152.70	65
152.70	74
152.70	75
152.70	84
152.70	85
152.70	94
152.70	95
152.70	104
152.70	105
152.70	106
152.70	114
152.70	115
152.70	116
152.70	117
152.70	122
152.70	123
152.70	124
152.70	126
152.70	127
152.70	128
152.70	129
152.70	130
152.70	131
152.70	132
152.70	133
152.73	40
152.73	47
152.73	48
152.73	49
152.73	50
152.73	51
152.73	52
152.73	57
152.73	58
152.73	59
152.73	60
152.73	61
152.73	62
152.73	63
152.73	66
152.73	67
152.73	68
152.73	69
152.73	70
152.73	71
152.73	72
152.73	73
152.73	76
152.73	77
152.73	78
152.73	79
152.73	80
152.73	81
152.73	82
152.73	83
152.73	86
152.73	87
152.73	88
152.73	89
152.73	90
152.73	91
152.73	92
152.73	93
152.73	96
152.73	97
152.73	98
152.73	99
152.73	100
152.73	101
152.73	102
152.73	103
152.73	107
152.73	108
152.73	109
152.73	110
152.73	111
152.73	112
152.73	113
152.73	118
152.73	119
152.73	120
152.73	121
153.20	162
153.23	141
153.23	143
153.23	144
153.23	147
153.23	148
153.23	150
153.23	151
153.23	154
153.23	155
153.23	157
153.23	158
153.23	160
153.23	161
153.23	164
153.23	165
153.25	140
153.25	146
153.25	153
153.28	139
153.40	137
153.40	145
153.40	159
153.40	169
153.43	136
153.43	142
153.43	149
153.43	152
153.43	156
153.43	168
153.45	163
153.45	166
153.45	167
153.68	135
153.68	138
156.18	12
156.18	15
156.18	16
156.18	19
156.20	8
156.20	9
156.20	13
156.20	20
156.20	22
156.20	23
156.20	26
156.20	27
156.38	5
156.40	6
156.40	11
156.40	18
156.40	29
156.40	30
156.43	25
156.70	4
156.98	1
156.98	2
156.98	14
156.98	17
156.98	24
157.00	21
157.00	33
157.03	10
157.05	7
157.05	34
157.55	31
157.60	28
157.60	32
167.53	125
167.55	35
167.55	36
167.55	37
167.55	43
167.55	44
167.55	45
167.55	46
167.55	54
167.55	55
167.55	64
167.55	65
167.55	75
167.55	85
167.55	95
167.55	105
167.55	114
167.55	115
167.55	116
167.55	123
167.55	124
167.55	126
167.55	127
167.55	128
167.55	129
167.55	130
167.55	131
167.55	132
167.55	133
167.55	134
167.58	38
167.58	39
167.58	40
167.58	41
167.58	42
167.58	47
167.58	48
167.58	49
167.58	50
167.58	51
167.58	52
167.58	53
167.58	56
167.58	57
167.58	58
167.58	59
167.58	60
167.58	61
167.58	62
167.58	63
167.58	66
167.58	67
167.58	68
167.58	69
167.58	71
167.58	72
167.58	73
167.58	74
167.58	76
167.58	77
167.58	78
167.58	80
167.58	81
167.58	82
167.58	83
167.58	84
167.58	86
167.58	87
167.58	88
167.58	89
167.58	90
167.58	91
167.58	92
167.58	93
167.58	94
167.58	96
167.58	97
167.58	98
167.58	99
167.58	100
167.58	101
167.58	102
167.58	103
167.58	104
167.58	106
167.58	107
167.58	108
167.58	109
167.58	110
167.58	111
167.58	112
167.58	113
167.58	117
167.58	118
167.58	119
167.58	120
167.58	121
167.58	122
167.60	70
167.60	79
171.00	12
171.00	15
171.00	16
171.00	19
171.03	8
171.03	9
171.03	13
171.03	20
171.03	22
171.03	23
171.03	26
171.03	27
171.20	5
171.20	6
171.20	18
171.23	11
171.23	25
171.23	29
171.23	30
171.50	4
171.78	1
171.78	2
171.78	14
171.78	17
171.78	24
171.78	33
171.80	21
171.83	10
171.85	7
171.85	34
172.30	31
172.33	28
172.33	32
173.95	170
173.95	171
173.95	172
173.95	173
173.95	174
173.95	176
173.95	177
173.95	178
173.95	179
173.95	180
173.95	181
173.95	188
173.95	189
173.95	190
173.95	199
173.95	200
173.95	209
173.95	210
173.95	219
173.95	220
173.95	229
173.95	230
173.95	239
173.95	240
173.95	241
173.95	248
173.95	249
173.95	250
173.95	251
173.95	257
173.95	258
173.95	259
173.95	260
173.95	261
173.95	262
173.95	263
173.95	264
173.95	265
173.95	266
173.95	267
173.95	268
173.95	269
173.98	175
173.98	182
173.98	183
173.98	184
173.98	185
173.98	186
173.98	187
173.98	191
173.98	192
173.98	193
173.98	194
173.98	195
173.98	196
173.98	197
173.98	198
173.98	201
173.98	202
173.98	203
173.98	204
173.98	205
173.98	206
173.98	207
173.98	208
173.98	211
173.98	212
173.98	213
173.98	214
173.98	215
173.98	216
173.98	217
173.98	218
173.98	221
173.98	222
173.98	223
173.98	224
173.98	225
173.98	226
173.98	227
173.98	228
173.98	231
173.98	232
173.98	233
173.98	234
173.98	235
173.98	236
173.98	237
173.98	238
173.98	242
173.98	243
173.98	244
173.98	245
173.98	246
173.98	247
173.98	252
173.98	253
173.98	254
173.98	255
173.98	256
176.60	162
176.63	141
176.63	143
176.63	144
176.63	147
176.63	148
176.63	150
176.63	151
176.63	154
176.63	155
176.63	157
176.63	158
176.63	160
176.63	161
176.63	164
176.63	165
176.65	139
176.65	140
176.65	146
176.65	153
176.80	136
176.80	137
176.80	142
176.80	145
176.80	152
176.80	159
176.80	168
176.80	169
176.83	149
176.83	156
176.85	163
176.85	166
176.85	167
177.08	135
177.08	138
182.43	35
182.43	125
182.43	134
182.45	36
182.45	37
182.45	38
182.45	39
182.45	40
182.45	41
182.45	42
182.45	43
182.45	44
182.45	45
182.45	46
182.45	53
182.45	54
182.45	55
182.45	56
182.45	64
182.45	65
182.45	74
182.45	75
182.45	84
182.45	85
182.45	94
182.45	95
182.45	104
182.45	105
182.45	106
182.45	114
182.45	115
182.45	116
182.45	117
182.45	118
182.45	122
182.45	123
182.45	124
182.45	126
182.45	127
182.45	128
182.45	129
182.45	130
182.45	131
182.45	132
182.45	133
182.48	47
182.48	48
182.48	49
182.48	50
182.48	51
182.48	52
182.48	57
182.48	58
182.48	59
182.48	60
182.48	61
182.48	62
182.48	63
182.48	66
182.48	67
182.48	68
182.48	69
182.48	70
182.48	71
182.48	72
182.48	73
182.48	76
182.48	77
182.48	78
182.48	79
182.48	80
182.48	81
182.48	82
182.48	83
182.48	86
182.48	87
182.48	88
182.48	89
182.48	90
182.48	91
182.48	92
182.48	93
182.48	96
182.48	97
182.48	98
182.48	99
182.48	100
182.48	101
182.48	102
182.48	103
182.48	107
182.48	108
182.48	109
182.48	110
182.48	111
182.48	112
182.48	113
182.48	119
182.48	120
182.48	121
185.88	9
185.88	12
185.88	15
185.88	16
185.88	19
185.88	20
185.90	8
185.90	13
185.90	22
185.90	23
185.90	26
185.90	27
186.05	5
186.08	6
186.08	11
186.08	18
186.08	29
186.08	30
186.10	25
186.35	4
186.63	1
186.63	2
186.63	14
186.63	17
186.63	24
186.63	33
186.65	21
186.68	10
186.70	7
186.70	34
187.10	31
187.13	28
187.13	32
197.35	125
197.38	35
197.38	36
197.38	37
197.38	43
197.38	44
197.38	45
197.38	46
197.38	54
197.38	55
197.38	64
197.38	65
197.38	75
197.38	85
197.38	95
197.38	105
197.38	114
197.38	115
197.38	116
197.38	123
197.38	124
197.38	126
197.38	127
197.38	128
197.38	129
197.38	130
197.38	131
197.38	132
197.38	133
197.38	134
197.40	38
197.40	39
197.40	40
197.40	41
197.40	42
197.40	47
197.40	48
197.40	49
197.40	50
197.40	51
197.40	52
197.40	53
197.40	56
197.40	57
197.40	58
197.40	59
197.40	60
197.40	61
197.40	62
197.40	63
197.40	66
197.40	67
197.40	68
197.40	69
197.40	71
197.40	72
197.40	73
197.40	74
197.40	76
197.40	77
197.40	78
197.40	79
197.40	80
197.40	81
197.40	82
197.40	83
197.40	84
197.40	86
197.40	87
197.40	88
197.40	89
197.40	90
197.40	91
197.40	92
197.40	93
197.40	94
197.40	96
197.40	97
197.40	98
197.40	99
197.40	100
197.40	101
197.40	102
197.40	103
197.40	104
197.40	106
197.40	107
197.40	108
197.40	109
197.40	110
197.40	111
197.40	112
197.40	113
197.40	117
197.40	118
197.40	119
197.40	120
197.40	121
197.40	122
197.43	70
197.48	179
197.48	260
197.48	269
197.50	170
197.50	171
197.50	172
197.50	173
197.50	174
197.50	175
197.50	176
197.50	177
197.50	178
197.50	180
197.50	181
197.50	182
197.50	183
197.50	184
197.50	185
197.50	186
197.50	187
197.50	188
197.50	189
197.50	190
197.50	191
197.50	192
197.50	193
197.50	194
197.50	195
197.50	196
197.50	197
197.50	198
197.50	199
197.50	200
197.50	201
197.50	202
197.50	203
197.50	204
197.50	205
197.50	206
197.50	207
197.50	208
197.50	209
197.50	210
197.50	211
197.50	212
197.50	213
197.50	214
197.50	215
197.50	216
197.50	217
197.50	218
197.50	219
197.50	220
197.50	221
197.50	222
197.50	223
197.50	224
197.50	225
197.50	226
197.50	227
197.50	228
197.50	229
197.50	230
197.50	231
197.50	232
197.50	233
197.50	234
197.50	235
197.50	236
197.50	237
197.50	238
197.50	239
197.50	240
197.50	241
197.50	242
197.50	243
197.50	244
197.50	245
197.50	246
197.50	247
197.50	248
197.50	249
197.50	250
197.50	251
197.50	252
197.50	253
197.50	254
197.50	255
197.50	256
197.50	257
197.50	258
197.50	259
197.50	261
197.50	262
197.50	263
197.50	264
197.50	265
197.50	266
197.50	267
197.50	268
200.15	143
200.15	144
200.15	147
200.15	148
200.15	150
200.15	151
200.15	154
200.15	155
200.15	157
200.15	158
200.15	161
200.15	162
200.18	140
200.18	141
200.18	146
200.18	153
200.18	160
200.18	164
200.18	165
200.20	139
200.35	136
200.35	137
200.35	142
200.35	145
200.35	149
200.35	152
200.35	156
200.35	159
200.35	168
200.35	169
200.38	163
200.38	166
200.38	167
200.60	135
200.60	138
200.78	12
200.78	15
200.78	16
200.78	19
200.80	8
200.80	9
200.80	13
200.80	20
200.80	22
200.80	23
200.80	26
200.80	27
200.98	5
200.98	6
200.98	11
200.98	18
200.98	29
200.98	30
201.00	25
201.23	4
201.50	2
201.50	17
201.53	1
201.53	14
201.53	24
201.53	33
201.55	10
201.55	21
201.58	7
201.58	34
201.98	31
202.00	28
202.00	32
212.33	35
212.33	44
212.33	45
212.33	115
212.33	125
212.33	126
212.33	133
212.33	134
212.35	36
212.35	37
212.35	38
212.35	39
212.35	40
212.35	41
212.35	42
212.35	43
212.35	46
212.35	47
212.35	48
212.35	51
212.35	52
212.35	53
212.35	54
212.35	55
212.35	56
212.35	57
212.35	63
212.35	64
212.35	65
212.35	66
212.35	73
212.35	74
212.35	75
212.35	76
212.35	84
212.35	85
212.35	86
212.35	94
212.35	95
212.35	96
212.35	103
212.35	104
212.35	105
212.35	106
212.35	107
212.35	112
212.35	113
212.35	114
212.35	116
212.35	117
212.35	118
212.35	119
212.35	120
212.35	121
212.35	122
212.35	123
212.35	124
212.35	127
212.35	128
212.35	129
212.35	130
212.35	131
212.35	132
212.38	49
212.38	50
212.38	58
212.38	59
212.38	60
212.38	61
212.38	62
212.38	67
212.38	68
212.38	69
212.38	70
212.38	71
212.38	72
212.38	77
212.38	78
212.38	79
212.38	80
212.38	81
212.38	82
212.38	83
212.38	87
212.38	88
212.38	89
212.38	90
212.38	91
212.38	92
212.38	93
212.38	97
212.38	98
212.38	99
212.38	100
212.38	101
212.38	102
212.38	108
212.38	109
212.38	110
212.38	111
215.73	12
215.73	15
215.73	16
215.73	19
215.75	8
215.75	9
215.75	13
215.75	20
215.75	22
215.75	23
215.75	26
215.75	27
215.90	5
215.93	6
215.93	11
215.93	18
215.93	25
215.93	29
215.93	30
216.18	4
216.45	1
216.45	2
216.45	14
216.45	17
216.45	24
216.45	33
216.48	21
216.50	7
216.50	10
216.50	34
216.88	31
216.90	28
216.90	32
221.13	170
221.13	171
221.13	172
221.13	176
221.13	177
221.13	178
221.13	179
221.13	180
221.13	189
221.13	190
221.13	199
221.13	209
221.13	230
221.13	239
221.13	240
221.13	249
221.13	250
221.13	251
221.13	258
221.13	259
221.13	260
221.13	261
221.13	262
221.13	266
221.13	267
221.13	268
221.13	269
221.15	173
221.15	174
221.15	175
221.15	181
221.15	182
221.15	183
221.15	184
221.15	185
221.15	186
221.15	187
221.15	188
221.15	191
221.15	192
221.15	193
221.15	194
221.15	195
221.15	196
221.15	197
221.15	198
221.15	200
221.15	201
221.15	202
221.15	203
221.15	204
221.15	205
221.15	206
221.15	207
221.15	208
221.15	210
221.15	211
221.15	212
221.15	213
221.15	214
221.15	215
221.15	216
221.15	217
221.15	218
221.15	219
221.15	220
221.15	221
221.15	222
221.15	223
221.15	224
221.15	225
221.15	226
221.15	227
221.15	228
221.15	229
221.15	231
221.15	232
221.15	233
221.15	234
221.15	235
221.15	236
221.15	237
221.15	238
221.15	241
221.15	242
221.15	243
221.15	244
221.15	245
221.15	246
221.15	247
221.15	248
221.15	252
221.15	253
221.15	254
221.15	255
221.15	256
221.15	257
221.15	263
221.15	264
221.15	265
223.78	144
223.78	148
223.78	162
223.80	140
223.80	141
223.80	143
223.80	146
223.80	147
223.80	150
223.80	151
223.80	153
223.80	154
223.80	155
223.80	157
223.80	158
223.80	160
223.80	161
223.80	164
223.80	165
223.83	139
223.98	136
223.98	137
223.98	142
223.98	145
223.98	149
223.98	152
223.98	156
223.98	159
223.98	168
223.98	169
224.00	166
224.03	163
224.03	167
224.23	135
224.23	138
227.33	35
227.33	36
227.33	43
227.33	44
227.33	45
227.33	54
227.33	55
227.33	105
227.33	115
227.33	116
227.33	124
227.33	125
227.33	126
227.33	127
227.33	132
227.33	133
227.33	134
227.35	37
227.35	38
227.35	39
227.35	40
227.35	41
227.35	42
227.35	46
227.35	47
227.35	48
227.35	49
227.35	50
227.35	51
227.35	52
227.35	53
227.35	56
227.35	57
227.35	58
227.35	61
227.35	62
227.35	63
227.35	64
227.35	65
227.35	66
227.35	67
227.35	73
227.35	74
227.35	75
227.35	76
227.35	77
227.35	83
227.35	84
227.35	85
227.35	86
227.35	87
227.35	93
227.35	94
227.35	95
227.35	96
227.35	97
227.35	102
227.35	103
227.35	104
227.35	106
227.35	107
227.35	108
227.35	109
227.35	110
227.35	111
227.35	112
227.35	113
227.35	114
227.35	117
227.35	118
227.35	119
227.35	120
227.35	121
227.35	122
227.35	123
227.35	128
227.35	129
227.35	130
227.35	131
227.38	59
227.38	60
227.38	68
227.38	69
227.38	70
227.38	71
227.38	72
227.38	78
227.38	79
227.38	80
227.38	81
227.38	82
227.38	88
227.38	89
227.38	90
227.38	91
227.38	92
227.38	98
227.38	99
227.38	100
227.38	101
230.70	12
230.70	16
230.70	19
230.73	8
230.73	9
230.73	13
230.73	15
230.73	20
230.73	22
230.73	23
230.73	26
230.73	27
230.88	5
230.90	6
230.90	11
230.90	18
230.90	25
230.90	29
230.90	30
231.13	4
231.40	2
231.40	17
231.43	1
231.43	14
231.43	21
231.43	24
231.43	33
231.45	10
231.48	7
231.48	34
231.83	31
231.85	28
231.85	32
242.33	125
242.35	35
242.35	36
242.35	37
242.35	42
242.35	43
242.35	44
242.35	45
242.35	46
242.35	54
242.35	55
242.35	64
242.35	65
242.35	75
242.35	85
242.35	95
242.35	105
242.35	114
242.35	115
242.35	116
242.35	123
242.35	124
242.35	126
242.35	127
242.35	128
242.35	129
242.35	130
242.35	131
242.35	132
242.35	133
242.35	134
242.38	38
242.38	39
242.38	40
242.38	41
242.38	47
242.38	48
242.38	49
242.38	50
242.38	51
242.38	52
242.38	53
242.38	56
242.38	57
242.38	58
242.38	59
242.38	60
242.38	61
242.38	62
242.38	63
242.38	66
242.38	67
242.38	68
242.38	69
242.38	70
242.38	71
242.38	72
242.38	73
242.38	74
242.38	76
242.38	77
242.38	78
242.38	79
242.38	80
242.38	81
242.38	82
242.38	83
242.38	84
242.38	86
242.38	87
242.38	88
242.38	89
242.38	90
242.38	91
242.38	92
242.38	93
242.38	94
242.38	96
242.38	97
242.38	98
242.38	99
242.38	100
242.38	101
242.38	102
242.38	103
242.38	104
242.38	106
242.38	107
242.38	108
242.38	109
242.38	110
242.38	111
242.38	112
242.38	113
242.38	117
242.38	118
242.38	119
242.38	120
242.38	121
242.38	122
244.85	170
244.85	171
244.85	172
244.85	173
244.85	174
244.85	175
244.85	176
244.85	177
244.85	178
244.85	179
244.85	180
244.85	181
244.85	182
244.85	183
244.85	184
244.85	185
244.85	186
244.85	187
244.85	188
244.85	189
244.85	190
244.85	191
244.85	192
244.85	193
244.85	194
244.85	195
244.85	196
244.85	197
244.85	198
244.85	199
244.85	200
244.85	201
244.85	202
244.85	203
244.85	204
244.85	205
244.85	206
244.85	207
244.85	208
244.85	209
244.85	210
244.85	211
244.85	212
244.85	213
244.85	216
244.85	217
244.85	218
244.85	219
244.85	220
244.85	221
244.85	222
244.85	223
244.85	225
244.85	226
244.85	227
244.85	228
244.85	229
244.85	230
244.85	231
244.85	232
244.85	233
244.85	234
244.85	235
244.85	236
244.85	237
244.85	238
244.85	239
244.85	240
244.85	241
244.85	242
244.85	243
244.85	244
244.85	245
244.85	246
244.85	247
244.85	248
244.85	249
244.85	250
244.85	251
244.85	252
244.85	253
244.85	254
244.85	255
244.85	256
244.85	257
244.85	258
244.85	259
244.85	260
244.85	261
244.85	262
244.85	263
244.85	264
244.85	265
244.85	266
244.85	267
244.85	268
244.85	269
244.88	214
244.88	215
244.88	224
245.70	16
245.70	19
245.73	8
245.73	9
245.73	12
245.73	13
245.73	15
245.73	20
245.73	22
245.73	23
245.73	26
245.73	27
245.88	5
245.90	6
245.90	11
245.90	18
245.90	25
245.90	29
245.90	30
246.13	4
246.40	1
246.40	2
246.40	17
246.40	24
246.43	14
246.43	21
246.43	33
246.45	10
246.48	7
246.48	34
246.83	31
246.85	28
246.85	32
247.48	143
247.48	144
247.48	148
247.48	162
247.50	140
247.50	141
247.50	146
247.50	147
247.50	150
247.50	151
247.50	153
247.50	154
247.50	155
247.50	157
247.50	158
247.50	160
247.50	161
247.50	164
247.50	165
247.53	139
247.68	136
247.68	137
247.68	142
247.68	145
247.68	149
247.68	152
247.68	156
247.68	159
247.68	168
247.68	169
247.73	163
247.73	166
247.73	167
247.95	135
247.95	138
257.38	35
257.38	44
257.38	115
257.38	125
257.38	126
257.38	134
257.40	36
257.40	37
257.40	38
257.40	39
257.40	40
257.40	41
257.40	42
257.40	43
257.40	45
257.40	46
257.40	47
257.40	52
257.40	53
257.40	54
257.40	55
257.40	56
257.40	63
257.40	64
257.40	65
257.40	66
257.40	74
257.40	75
257.40	76
257.40	84
257.40	85
257.40	86
257.40	94
257.40	95
257.40	96
257.40	104
257.40	105
257.40	106
257.40	113
257.40	114
257.40	116
257.40	117
257.40	118
257.40	119
257.40	121
257.40	122
257.40	123
257.40	124
257.40	127
257.40	128
257.40	129
257.40	130
257.40	131
257.40	132
257.40	133
257.43	48
257.43	49
257.43	50
257.43	51
257.43	57
257.43	58
257.43	59
257.43	60
257.43	61
257.43	62
257.43	67
257.43	68
257.43	69
257.43	70
257.43	71
257.43	72
257.43	73
257.43	77
257.43	78
257.43	79
257.43	80
257.43	81
257.43	82
257.43	83
257.43	87
257.43	88
257.43	89
257.43	90
257.43	91
257.43	92
257.43	93
257.43	97
257.43	98
257.43	99
257.43	100
257.43	101
257.43	102
257.43	103
257.43	107
257.43	108
257.43	109
257.43	110
257.43	111
257.43	112
257.43	120
260.75	8
260.75	9
260.75	12
260.75	13
260.75	15
260.75	16
260.75	19
260.75	20
260.75	22
260.75	23
260.75	26
260.77	27
260.90	5
260.92	6
260.92	11
260.92	18
260.92	25
260.92	29
260.92	30
261.15	4
261.42	1
261.42	2
261.42	17
261.42	24
261.45	14
261.45	21
261.45	33
261.47	7
261.47	10
261.47	34
261.82	31
261.85	28
261.85	32
268.60	170
268.60	171
268.60	172
268.60	177
268.60	178
268.60	179
268.60	180
268.60	189
268.60	190
268.60	199
268.60	240
268.60	249
268.60	250
268.60	251
268.60	258
268.60	259
268.60	260
268.60	261
268.60	262
268.60	267
268.60	268
268.60	269
268.62	173
268.62	174
268.62	175
268.62	176
268.62	181
268.62	182
268.62	183
268.62	184
268.62	185
268.62	186
268.62	187
268.62	188
268.62	191
268.62	192
268.62	193
268.62	194
268.62	195
268.62	196
268.62	197
268.62	198
268.62	200
268.62	201
268.62	202
268.62	203
268.62	204
268.62	205
268.62	206
268.62	207
268.62	208
268.62	209
268.62	210
268.62	211
268.62	212
268.62	213
268.62	214
268.62	215
268.62	216
268.62	217
268.62	218
268.62	219
268.62	220
268.62	221
268.62	222
268.62	223
268.62	224
268.62	225
268.62	226
268.62	227
268.62	228
268.62	229
268.62	230
268.62	231
268.62	232
268.62	233
268.62	234
268.62	235
268.62	236
268.62	237
268.62	238
268.62	239
268.62	241
268.62	242
268.62	243
268.62	244
268.62	245
268.62	246
268.62	247
268.62	248
268.62	252
268.62	253
268.62	254
268.62	255
268.62	256
268.62	257
268.62	263
268.62	264
268.62	265
268.62	266
271.25	143
271.25	144
271.25	148
271.25	155
271.25	157
271.25	158
271.25	161
271.25	162
271.27	140
271.27	141
271.27	146
271.27	147
271.27	150
271.27	151
271.27	153
271.27	154
271.27	160
271.27	164
271.27	165
271.30	139
271.45	136
271.45	137
271.45	142
271.45	145
271.45	149
271.45	152
271.45	156
271.45	159
271.45	168
271.45	169
271.47	163
271.47	166
271.47	167
271.67	138
271.70	135
272.42	125
272.45	35
272.45	36
272.45	37
272.45	42
272.45	43
272.45	44
272.45	45
272.45	46
272.45	54
272.45	55
272.45	64
272.45	65
272.45	75
272.45	85
272.45	95
272.45	105
272.45	114
272.45	115
272.45	116
272.45	123
272.45	124
272.45	126
272.45	127
272.45	128
272.45	129
272.45	130
272.45	131
272.45	132
272.45	133
272.45	134
272.47	38
272.47	39
272.47	40
272.47	41
272.47	47
272.47	48
272.47	49
272.47	50
272.47	51
272.47	52
272.47	53
272.47	56
272.47	57
272.47	58
272.47	59
272.47	60
272.47	61
272.47	62
272.47	63
272.47	66
272.47	67
272.47	68
272.47	69
272.47	70
272.47	71
272.47	72
272.47	73
272.47	74
272.47	76
272.47	77
272.47	78
272.47	79
272.47	80
272.47	81
272.47	82
272.47	83
272.47	84
272.47	86
272.47	87
272.47	88
272.47	89
272.47	90
272.47	91
272.47	92
272.47	93
272.47	94
272.47	96
272.47	97
272.47	98
272.47	99
272.47	100
272.47	101
272.47	102
272.47	103
272.47	104
272.47	106
272.47	107
272.47	108
272.47	109
272.47	110
272.47	111
272.47	112
272.47	113
272.47	117
272.47	118
272.47	119
272.47	120
272.47	121
272.47	122
275.77	19
275.80	8
275.80	9
275.80	12
275.80	13
275.80	15
275.80	16
275.80	20
275.80	22
275.80	23
275.80	26
275.82	27
275.95	5
275.97	6
275.97	11
275.97	18
275.97	25
275.97	29
275.97	30
276.20	4
276.47	1
276.47	2
276.47	14
276.47	17
276.47	24
276.47	33
276.50	10
276.50	21
276.52	7
276.52	34
276.87	31
276.90	28
276.90	32
287.52	35
287.52	36
287.52	37
287.52	43
287.52	44
287.52	45
287.52	46
287.52	54
287.52	55
287.52	65
287.52	95
287.52	105
287.52	114
287.52	115
287.52	116
287.52	123
287.52	124
287.52	125
287.52	126
287.52	127
287.52	128
287.52	131
287.52	132
287.52	133
287.52	134
287.55	38
287.55	39
287.55	40
287.55	41
287.55	42
287.55	47
287.55	48
287.55	49
287.55	50
287.55	51
287.55	52
287.55	53
287.55	56
287.55	57
287.55	58
287.55	59
287.55	60
287.55	61
287.55	62
287.55	63
287.55	64
287.55	66
287.55	67
287.55	68
287.55	69
287.55	71
287.55	72
287.55	73
287.55	74
287.55	75
287.55	76
287.55	77
287.55	78
287.55	80
287.55	82
287.55	83
287.55	84
287.55	85
287.55	86
287.55	87
287.55	88
287.55	89
287.55	91
287.55	92
287.55	93
287.55	94
287.55	96
287.55	97
287.55	98
287.55	99
287.55	100
287.55	101
287.55	102
287.55	103
287.55	104
287.55	106
287.55	107
287.55	108
287.55	109
287.55	110
287.55	111
287.55	112
287.55	113
287.55	117
287.55	118
287.55	119
287.55	120
287.55	121
287.55	122
287.55	129
287.55	130
287.57	70
287.57	79
287.57	81
287.57	90
290.85	19
290.87	8
290.87	9
290.87	12
290.87	13
290.87	15
290.87	16
290.87	20
290.87	22
290.87	23
290.87	26
290.87	27
291.02	5
291.02	6
291.02	11
291.02	18
291.02	30
291.05	25
291.05	29
291.25	4
291.52	17
291.55	1
291.55	2
291.55	14
291.55	21
291.55	24
291.55	33
291.57	10
291.60	7
291.60	34
291.92	31
291.95	28
291.95	32
292.42	170
292.42	171
292.42	172
292.42	173
292.42	174
292.42	175
292.42	176
292.42	177
292.42	178
292.42	179
292.42	180
292.42	181
292.42	182
292.42	183
292.42	184
292.42	185
292.42	186
292.42	187
292.42	188
292.42	189
292.42	190
292.42	191
292.42	192
292.42	193
292.42	194
292.42	195
292.42	196
292.42	197
292.42	198
292.42	199
292.42	200
292.42	201
292.42	202
292.42	203
292.42	204
292.42	205
292.42	206
292.42	207
292.42	208
292.42	209
292.42	210
292.42	211
292.42	212
292.42	213
292.42	216
292.42	217
292.42	218
292.42	219
292.42	220
292.42	221
292.42	222
292.42	223
292.42	226
292.42	227
292.42	228
292.42	229
292.42	230
292.42	231
292.42	232
292.42	233
292.42	234
292.42	235
292.42	236
292.42	237
292.42	238
292.42	239
292.42	240
292.42	241
292.42	242
292.42	243
292.42	244
292.42	245
292.42	246
292.42	247
292.42	248
292.42	249
292.42	250
292.42	251
292.42	252
292.42	253
292.42	254
292.42	255
292.42	256
292.42	257
292.42	258
292.42	259
292.42	260
292.42	261
292.42	262
292.42	263
292.42	264
292.42	265
292.42	266
292.42	267
292.42	268
292.42	269
292.45	214
292.45	215
292.45	224
292.45	225
295.05	143
295.05	144
295.05	148
295.05	155
295.05	161
295.05	162
295.07	140
295.07	141
295.07	146
295.07	147
295.07	150
295.07	151
295.07	153
295.07	154
295.07	157
295.07	158
295.07	160
295.07	164
295.07	165
295.10	139
295.25	136
295.25	137
295.25	142
295.25	145
295.25	149
295.25	152
295.25	156
295.25	159
295.25	168
295.25	169
295.30	163
295.30	166
295.30	167
295.50	135
295.50	138
302.60	35
302.60	125
302.60	134
302.62	36
302.62	37
302.62	38
302.62	39
302.62	40
302.62	41
302.62	42
302.62	43
302.62	44
302.62	45
302.62	46
302.62	53
302.62	54
302.62	55
302.62	56
302.62	64
302.62	65
302.62	74
302.62	75
302.62	84
302.62	85
302.62	94
302.62	95
302.62	104
302.62	105
302.62	106
302.62	114
302.62	115
302.62	116
302.62	117
302.62	122
302.62	123
302.62	124
302.62	126
302.62	127
302.62	128
302.62	129
302.62	130
302.62	131
302.62	132
302.62	133
302.65	47
302.65	48
302.65	49
302.65	50
302.65	51
302.65	52
302.65	57
302.65	58
302.65	59
302.65	60
302.65	61
302.65	62
302.65	63
302.65	66
302.65	67
302.65	68
302.65	69
302.65	70
302.65	71
302.65	72
302.65	73
302.65	76
302.65	77
302.65	78
302.65	79
302.65	80
302.65	81
302.65	82
302.65	83
302.65	86
302.65	87
302.65	88
302.65	89
302.65	90
302.65	91
302.65	92
302.65	93
302.65	96
302.65	97
302.65	98
302.65	99
302.65	100
302.65	101
302.65	102
302.65	103
302.65	107
302.65	108
302.65	109
302.65	110
302.65	111
302.65	112
302.65	113
302.65	118
302.65	119
302.65	120
302.65	121
305.95	12
305.95	15
305.95	16
305.95	19
305.95	20
305.97	8
305.97	9
305.97	13
305.97	22
305.97	23
305.97	26
305.97	27
306.10	5
306.12	6
306.12	11
306.12	18
306.12	25
306.12	29
306.12	30
306.35	4
306.62	1
306.62	2
306.62	14
306.62	17
306.62	24
306.62	33
306.65	10
306.65	21
306.67	7
306.67	34
307.00	31
307.02	28
307.02	32
307.72	3
316.25	170
316.25	171
316.25	178
316.25	179
316.25	180
316.25	189
316.25	249
316.25	250
316.25	259
316.25	260
316.25	261
316.25	262
316.25	268
316.25	269
316.27	172
316.27	173
316.27	174
316.27	175
316.27	176
316.27	177
316.27	181
316.27	182
316.27	183
316.27	184
316.27	185
316.27	186
316.27	187
316.27	188
316.27	190
316.27	191
316.27	192
316.27	193
316.27	194
316.27	195
316.27	196
316.27	197
316.27	198
316.27	199
316.27	200
316.27	201
316.27	202
316.27	203
316.27	204
316.27	205
316.27	206
316.27	207
316.27	208
316.27	209
316.27	210
316.27	211
316.27	212
316.27	213
316.27	214
316.27	215
316.27	216
316.27	217
316.27	218
316.27	219
316.27	220
316.27	221
316.27	222
316.27	223
316.27	224
316.27	225
316.27	226
316.27	227
316.27	228
316.27	229
316.27	230
316.27	231
316.27	232
316.27	233
316.27	234
316.27	235
316.27	236
316.27	237
316.27	238
316.27	239
316.27	240
316.27	241
316.27	242
316.27	243
316.27	244
316.27	245
316.27	246
316.27	247
316.27	248
316.27	251
316.27	252
316.27	253
316.27	254
316.27	255
316.27	256
316.27	257
316.27	258
316.27	263
316.27	264
316.27	265
316.27	266
316.27	267
317.85	35
317.85	36
317.85	37
317.85	42
317.85	43
317.85	44
317.85	45
317.85	54
317.85	55
317.85	64
317.85	105
317.85	114
317.85	115
317.85	116
317.85	124
317.85	125
317.85	126
317.85	127
317.85	132
317.85	133
317.85	134
317.87	38
317.87	39
317.87	40
317.87	41
317.87	46
317.87	47
317.87	48
317.87	49
317.87	50
317.87	51
317.87	52
317.87	53
317.87	56
317.87	57
317.87	58
317.87	59
317.87	60
317.87	61
317.87	62
317.87	63
317.87	65
317.87	66
317.87	67
317.87	68
317.87	69
317.87	71
317.87	72
317.87	73
317.87	74
317.87	75
317.87	76
317.87	77
317.87	78
317.87	82
317.87	83
317.87	84
317.87	85
317.87	86
317.87	87
317.87	88
317.87	91
317.87	92
317.87	93
317.87	94
317.87	95
317.87	96
317.87	97
317.87	98
317.87	99
317.87	101
317.87	102
317.87	103
317.87	104
317.87	106
317.87	107
317.87	108
317.87	109
317.87	110
317.87	111
317.87	112
317.87	113
317.87	117
317.87	118
317.87	119
317.87	120
317.87	121
317.87	122
317.87	123
317.87	128
317.87	129
317.87	130
317.87	131
317.90	70
317.90	79
317.90	80
317.90	81
317.90	89
317.90	90
317.90	100
318.90	143
318.90	144
318.90	147
318.90	148
318.90	150
318.90	151
318.90	155
318.90	157
318.90	158
318.90	161
318.90	162
318.92	140
318.92	141
318.92	146
318.92	153
318.92	154
318.92	160
318.92	164
318.92	165
318.95	139
319.10	136
319.10	137
319.10	142
319.10	145
319.10	149
319.10	152
319.10	156
319.10	159
319.10	168
319.10	169
319.12	163
319.12	166
319.12	167
319.32	138
319.35	135
321.17	19
321.20	8
321.20	9
321.20	12
321.20	13
321.20	15
321.20	16
321.20	20
321.20	22
321.20	23
321.20	26
321.20	27
321.35	5
321.35	6
321.35	11
321.35	18
321.35	29
321.35	30
321.37	25
321.57	4
321.85	14
321.85	17
321.87	1
321.87	2
321.87	21
321.87	24
321.87	33
321.90	7
321.90	10
321.90	34
322.25	28
322.25	31
322.25	32
323.37	0
333.10	35
333.10	44
333.10	125
333.10	126
333.10	134
333.12	36
333.12	37
333.12	38
333.12	39
333.12	40
333.12	41
333.12	42
333.12	43
333.12	45
333.12	46
333.12	47
333.12	52
333.12	53
333.12	54
333.12	55
333.12	56
333.12	63
333.12	64
333.12	65
333.12	74
333.12	75
333.12	84
333.12	85
333.12	94
333.12	95
333.12	96
333.12	103
333.12	104
333.12	105
333.12	106
333.12	113
333.12	114
333.12	115
333.12	116
333.12	117
333.12	118
333.12	119
333.12	120
333.12	121
333.12	122
333.12	123
333.12	124
333.12	127
333.12	128
333.12	129
333.12	130
333.12	131
333.12	132
333.12	133
333.15	48
333.15	49
333.15	50
333.15	51
333.15	57
333.15	58
333.15	59
333.15	60
333.15	61
333.15	62
333.15	66
333.15	67
333.15	68
333.15	69
333.15	70
333.15	71
333.15	72
333.15	73
333.15	76
333.15	77
333.15	78
333.15	79
333.15	80
333.15	81
333.15	82
333.15	83
333.15	86
333.15	87
333.15	88
333.15	89
333.15	90
333.15	91
333.15	92
333.15	93
333.15	97
333.15	98
333.15	99
333.15	100
333.15	101
333.15	102
333.15	107
333.15	108
333.15	109
333.15	110
333.15	111
333.15	112
336.45	9
336.45	12
336.45	13
336.45	15
336.45	16
336.45	19
336.45	20
336.45	23
336.47	8
336.47	22
336.47	26
336.47	27
336.62	5
336.62	6
336.62	11
336.62	18
336.62	25
336.62	29
336.62	30
336.85	4
337.10	17
337.12	1
337.12	2
337.12	14
337.12	24
337.12	33
337.15	10
337.15	21
337.15	34
337.17	7
337.47	31
337.52	28
337.52	32
338.30	3
340.12	170
340.12	171
340.12	172
340.12	173
340.12	174
340.12	175
340.12	176
340.12	177
340.12	178
340.12	179
340.12	180
340.12	181
340.12	182
340.12	187
340.12	188
340.12	189
340.12	190
340.12	191
340.12	198
340.12	199
340.12	200
340.12	201
340.12	208
340.12	209
340.12	210
340.12	219
340.12	220
340.12	229
340.12	230
340.12	231
340.12	238
340.12	239
340.12	240
340.12	241
340.12	242
340.12	247
340.12	248
340.12	249
340.12	250
340.12	251
340.12	252
340.12	253
340.12	256
340.12	257
340.12	258
340.12	259
340.12	260
340.12	261
340.12	262
340.12	263
340.12	264
340.12	265
340.12	266
340.12	267
340.12	268
340.12	269
340.15	183
340.15	184
340.15	185
340.15	186
340.15	192
340.15	193
340.15	194
340.15	195
340.15	196
340.15	197
340.15	202
340.15	203
340.15	204
340.15	205
340.15	206
340.15	207
340.15	211
340.15	212
340.15	213
340.15	214
340.15	215
340.15	216
340.15	217
340.15	218
340.15	221
340.15	222
340.15	223
340.15	224
340.15	225
340.15	226
340.15	227
340.15	228
340.15	232
340.15	233
340.15	234
340.15	235
340.15	236
340.15	237
340.15	243
340.15	244
340.15	245
340.15	246
340.15	254
340.15	255
342.75	162
342.77	141
342.77	143
342.77	144
342.77	147
342.77	148
342.77	150
342.77	151
342.77	154
342.77	155
342.77	157
342.77	158
342.77	160
342.77	161
342.77	164
342.77	165
342.80	139
342.80	140
342.80	146
342.80	153
342.95	136
342.95	137
342.95	142
342.95	145
342.95	149
342.95	152
342.95	156
342.95	159
342.95	168
342.95	169
342.97	163
342.97	166
342.97	167
343.20	135
343.20	138
348.37	35
348.37	36
348.37	43
348.37	44
348.37	45
348.37	54
348.37	55
348.37	105
348.37	115
348.37	124
348.37	125
348.37	126
348.37	127
348.37	132
348.37	133
348.37	134
348.40	37
348.40	38
348.40	39
348.40	40
348.40	41
348.40	42
348.40	46
348.40	47
348.40	48
348.40	49
348.40	50
348.40	51
348.40	52
348.40	53
348.40	56
348.40	57
348.40	58
348.40	59
348.40	60
348.40	61
348.40	62
348.40	63
348.40	64
348.40	65
348.40	66
348.40	67
348.40	72
348.40	73
348.40	74
348.40	75
348.40	76
348.40	77
348.40	82
348.40	83
348.40	84
348.40	85
348.40	86
348.40	87
348.40	92
348.40	93
348.40	94
348.40	95
348.40	96
348.40	97
348.40	102
348.40	103
348.40	104
348.40	106
348.40	107
348.40	108
348.40	109
348.40	110
348.40	111
348.40	112
348.40	113
348.40	114
348.40	116
348.40	117
348.40	118
348.40	119
348.40	120
348.40	121
348.40	122
348.40	123
348.40	128
348.40	129
348.40	130
348.40	131
348.42	68
348.42	69
348.42	70
348.42	71
348.42	78
348.42	79
348.42	80
348.42	81
348.42	88
348.42	89
348.42	90
348.42	91
348.42	98
348.42	99
348.42	100
348.42	101
351.70	19
351.72	8
351.72	9
351.72	12
351.72	13
351.72	15
351.72	16
351.72	20
351.72	22
351.72	23
351.72	26
351.72	27
351.87	5
351.87	6
351.87	11
351.87	18
351.87	29
351.87	30
351.90	25
352.10	4
352.37	1
352.37	2
352.37	14
352.37	17
352.37	24
352.37	33
352.40	21
352.42	7
352.42	10
352.42	34
352.75	31
352.75	32
352.77	28
353.67	0
363.65	35
363.65	36
363.65	43
363.65	44
363.65	45
363.65	54
363.65	55
363.65	105
363.65	114
363.65	115
363.65	116
363.65	123
363.65	124
363.65	125
363.65	126
363.65	127
363.65	128
363.65	131
363.65	132
363.65	133
363.65	134
363.67	37
363.67	38
363.67	39
363.67	40
363.67	41
363.67	42
363.67	46
363.67	47
363.67	48
363.67	49
363.67	50
363.67	51
363.67	52
363.67	53
363.67	56
363.67	57
363.67	58
363.67	59
363.67	60
363.67	61
363.67	62
363.67	63
363.67	64
363.67	65
363.67	66
363.67	67
363.67	71
363.67	72
363.67	73
363.67	74
363.67	75
363.67	76
363.67	77
363.67	78
363.67	82
363.67	83
363.67	84
363.67	85
363.67	86
363.67	87
363.67	88
363.67	91
363.67	92
363.67	93
363.67	94
363.67	95
363.67	96
363.67	97
363.67	98
363.67	99
363.67	100
363.67	101
363.67	102
363.67	103
363.67	104
363.67	106
363.67	107
363.67	108
363.67	109
363.67	110
363.67	111
363.67	112
363.67	113
363.67	117
363.67	118
363.67	119
363.67	120
363.67	121
363.67	122
363.67	129
363.67	130
363.70	68
363.70	69
363.70	70
363.70	79
363.70	80
363.70	81
363.70	89
363.70	90
364.00	170
364.00	171
364.00	172
364.00	176
364.00	177
364.00	178
364.00	179
364.00	180
364.00	188
364.00	189
364.00	190
364.00	199
364.00	209
364.00	230
364.00	239
364.00	240
364.00	249
364.00	250
364.00	251
364.00	258
364.00	259
364.00	260
364.00	261
364.00	262
364.00	266
364.00	267
364.00	268
364.00	269
364.02	173
364.02	174
364.02	175
364.02	181
364.02	182
364.02	183
364.02	184
364.02	185
364.02	186
364.02	187
364.02	191
364.02	192
364.02	193
364.02	194
364.02	195
364.02	196
364.02	197
364.02	198
364.02	200
364.02	201
364.02	202
364.02	203
364.02	204
364.02	205
364.02	206
364.02	207
364.02	208
364.02	210
364.02	211
364.02	212
364.02	213
364.02	214
364.02	215
364.02	216
364.02	217
364.02	218
364.02	219
364.02	220
364.02	221
364.02	222
364.02	223
364.02	224
364.02	225
364.02	226
364.02	227
364.02	228
364.02	229
364.02	231
364.02	232
364.02	233
364.02	234
364.02	235
364.02	236
364.02	237
364.02	238
364.02	241
364.02	242
364.02	243
364.02	244
364.02	245
364.02	246
364.02	247
364.02	248
364.02	252
364.02	253
364.02	254
364.02	255
364.02	256
364.02	257
364.02	263
364.02	264
364.02	265
366.65	141
366.65	143
366.65	144
366.65	147
366.65	148
366.65	150
366.65	151
366.65	154
366.65	155
366.65	157
366.65	158
366.65	160
366.65	161
366.65	162
366.67	140
366.67	146
366.67	153
366.67	164
366.67	165
366.70	139
366.82	137
366.82	142
366.82	145
366.82	156
366.82	159
366.82	168
366.82	169
366.85	136
366.85	149
366.85	152
366.87	163
366.87	166
366.87	167
366.97	12
366.97	15
366.97	16
366.97	19
367.00	8
367.00	9
367.00	13
367.00	20
367.00	22
367.00	23
367.00	26
367.00	27
367.07	135
367.07	138
367.15	5
367.15	6
367.15	11
367.15	18
367.15	29
367.15	30
367.17	25
367.37	4
367.62	17
367.65	1
367.65	2
367.65	14
367.65	24
367.65	33
367.67	10
367.67	21
367.67	34
367.70	7
368.00	31
368.05	28
368.05	32
368.77	3
378.92	35
378.92	36
378.92	37
378.92	42
378.92	43
378.92	44
378.92	45
378.92	54
378.92	55
378.92	64
378.92	105
378.92	114
378.92	115
378.92	116
378.92	123
378.92	124
378.92	125
378.92	126
378.92	127
378.92	132
378.92	133
378.92	134
378.95	38
378.95	39
378.95	40
378.95	41
378.95	46
378.95	47
378.95	48
378.95	49
378.95	50
378.95	51
378.95	52
378.95	53
378.95	56
378.95	57
378.95	58
378.95	59
378.95	60
378.95	61
378.95	62
378.95	63
378.95	65
378.95	66
378.95	67
378.95	68
378.95	69
378.95	71
378.95	72
378.95	73
378.95	74
378.95	75
378.95	76
378.95	77
378.95	78
378.95	82
378.95	83
378.95	84
378.95	85
378.95	86
378.95	87
378.95	88
378.95	91
378.95	92
378.95	93
378.95	94
378.95	95
378.95	96
378.95	97
378.95	98
378.95	99
378.95	100
378.95	101
378.95	102
378.95	103
378.95	104
378.95	106
378.95	107
378.95	108
378.95	109
378.95	110
378.95	111
378.95	112
378.95	113
378.95	117
378.95	118
378.95	119
378.95	120
378.95	121
378.95	122
378.95	128
378.95	129
378.95	130
378.95	131
378.97	70
378.97	79
378.97	80
378.97	81
378.97	89
378.97	90
382.25	12
382.25	15
382.25	16
382.25	19
382.27	8
382.27	9
382.27	13
382.27	20
382.27	22
382.27	23
382.27	26
382.27	27
382.42	5
382.42	6
382.42	11
382.42	18
382.42	25
382.42	29
382.42	30
382.65	4
382.92	1
382.92	2
382.92	14
382.92	17
382.92	21
382.92	24
382.92	33
382.95	10
382.97	7
382.97	34
383.30	28
383.30	31
383.30	32
384.12	0
387.90	170
387.90	171
387.90	172
387.90	173
387.90	174
387.90	175
387.90	176
387.90	177
387.90	178
387.90	179
387.90	180
387.90	181
387.90	182
387.90	187
387.90	188
387.90	189
387.90	190
387.90	191
387.90	192
387.90	197
387.90	198
387.90	199
387.90	200
387.90	201
387.90	208
387.90	209
387.90	210
387.90	218
387.90	219
387.90	220
387.90	228
387.90	229
387.90	230
387.90	231
387.90	238
387.90	239
387.90	240
387.90	241
387.90	242
387.90	247
387.90	248
387.90	249
387.90	250
387.90	251
387.90	252
387.90	253
387.90	254
387.90	255
387.90	256
387.90	257
387.90	258
387.90	259
387.90	260
387.90	261
387.90	262
387.90	263
387.90	264
387.90	265
387.90	266
387.90	267
387.90	268
387.90	269
387.92	183
387.92	184
387.92	185
387.92	186
387.92	193
387.92	194
387.92	195
387.92	196
387.92	202
387.92	203
387.92	204
387.92	205
387.92	206
387.92	207
387.92	211
387.92	212
387.92	213
387.92	214
387.92	215
387.92	216
387.92	217
387.92	221
387.92	222
387.92	223
387.92	224
387.92	225
387.92	226
387.92	227
387.92	232
387.92	233
387.92	234
387.92	235
387.92	236
387.92	237
387.92	243
387.92	244
387.92	245
387.92	246
390.52	162
390.55	141
390.55	143
390.55	144
390.55	147
390.55	148
390.55	150
390.55	151
390.55	154
390.55	155
390.55	157
390.55	158
390.55	160
390.55	161
390.55	164
390.55	165
390.57	139
390.57	140
390.57	146
390.57	153
390.72	136
390.72	137
390.72	142
390.72	145
390.72	149
390.72	152
390.72	156
390.72	159
390.72	168
390.72	169
390.75	163
390.75	166
390.75	167
390.97	135
390.97	138
394.20	35
394.20	44
394.20	115
394.20	124
394.20	125
394.20	126
394.20	133
394.20	134
394.22	36
394.22	37
394.22	38
394.22	39
394.22	40
394.22	41
394.22	42
394.22	43
394.22	45
394.22	46
394.22	47
394.22	48
394.22	51
394.22	52
394.22	53
394.22	54
394.22	55
394.22	56
394.22	57
394.22	62
394.22	63
394.22	64
394.22	65
394.22	66
394.22	73
394.22	74
394.22	75
394.22	76
394.22	83
394.22	84
394.22	85
394.22	86
394.22	93
394.22	94
394.22	95
394.22	96
394.22	103
394.22	104
394.22	105
394.22	106
394.22	107
394.22	112
394.22	113
394.22	114
394.22	116
394.22	117
394.22	118
394.22	119
394.22	120
394.22	121
394.22	122
394.22	123
394.22	127
394.22	128
394.22	129
394.22	130
394.22	131
394.22	132
394.25	49
394.25	50
394.25	58
394.25	59
394.25	60
394.25	61
394.25	67
394.25	68
394.25	69
394.25	70
394.25	71
394.25	72
394.25	77
394.25	78
394.25	79
394.25	80
394.25	81
394.25	82
394.25	87
394.25	88
394.25	89
394.25	90
394.25	91
394.25	92
394.25	97
394.25	98
394.25	99
394.25	100
394.25	101
394.25	102
394.25	108
394.25	109
394.25	110
394.25	111
397.52	19
397.55	8
397.55	9
397.55	12
397.55	13
397.55	15
397.55	16
397.55	20
397.55	22
397.55	23
397.55	26
397.55	27
397.70	5
397.70	6
397.70	11
397.70	18
397.70	29
397.70	30
397.72	25
397.92	4
398.20	1
398.20	2
398.20	17
398.20	24
398.20	33
398.22	10
398.22	14
398.22	21
398.25	7
398.25	34
398.55	31
398.57	32
398.60	28
399.27	3
409.47	35
409.47	125
409.47	134
409.50	36
409.50	37
409.50	38
409.50	39
409.50	40
409.50	41
409.50	42
409.50	43
409.50	44
409.50	45
409.50	46
409.50	53
409.50	54
409.50	55
409.50	56
409.50	64
409.50	65
409.50	74
409.50	75
409.50	84
409.50	85
409.50	94
409.50	95
409.50	104
409.50	105
409.50	106
409.50	113
409.50	114
409.50	115
409.50	116
409.50	117
409.50	122
409.50	123
409.50	124
409.50	126
409.50	127
409.50	128
409.50	129
409.50	130
409.50	131
409.50	132
409.50	133
409.52	47
409.52	48
409.52	49
409.52	50
409.52	51
409.52	52
409.52	57
409.52	58
409.52	59
409.52	60
409.52	61
409.52	62
409.52	63
409.52	66
409.52	67
409.52	68
409.52	69
409.52	70
409.52	71
409.52	72
409.52	73
409.52	76
409.52	77
409.52	78
409.52	79
409.52	80
409.52	81
409.52	82
409.52	83
409.52	86
409.52	87
409.52	88
409.52	89
409.52	90
409.52	91
409.52	92
409.52	93
409.52	96
409.52	97
409.52	98
409.52	99
409.52	100
409.52	101
409.52	102
409.52	103
409.52	107
409.52	108
409.52	109
409.52	110
409.52	111
409.52	112
409.52	118
409.52	119
409.52	120
409.52	121
411.80	170
411.80	171
411.80	172
411.80	173
411.80	174
411.80	175
411.80	176
411.80	177
411.80	178
411.80	179
411.80	180
411.80	181
411.80	188
411.80	189
411.80	190
411.80	198
411.80	199
411.80	200
411.80	209
411.80	210
411.80	219
411.80	220
411.80	229
411.80	230
411.80	239
411.80	240
411.80	241
411.80	248
411.80	249
411.80	250
411.80	251
411.80	252
411.80	257
411.80	258
411.80	259
411.80	260
411.80	261
411.80	262
411.80	263
411.80	264
411.80	265
411.80	266
411.80	267
411.80	268
411.80	269
411.82	182
411.82	183
411.82	184
411.82	185
411.82	186
411.82	187
411.82	191
411.82	192
411.82	193
411.82	194
411.82	195
411.82	196
411.82	197
411.82	201
411.82	202
411.82	203
411.82	204
411.82	205
411.82	206
411.82	207
411.82	208
411.82	211
411.82	212
411.82	213
411.82	214
411.82	215
411.82	216
411.82	217
411.82	218
411.82	221
411.82	222
411.82	223
411.82	224
411.82	225
411.82	226
411.82	227
411.82	228
411.82	231
411.82	232
411.82	233
411.82	234
411.82	235
411.82	236
411.82	237
411.82	238
411.82	242
411.82	243
411.82	244
411.82	245
411.82	246
411.82	247
411.82	253
411.82	254
411.82	255
411.82	256
412.80	19
412.82	8
412.82	9
412.82	12
412.82	13
412.82	15
412.82	16
412.82	20
412.82	22
412.82	23
412.82	26
412.82	27
412.97	5
412.97	6
412.97	11
412.97	18
412.97	29
412.97	30
413.00	25
413.20	4
413.47	2
413.47	14
413.47	17
413.47	24
413.47	33
413.50	1
413.50	21
413.52	7
413.52	10
413.52	34
413.85	28
413.85	31
413.85	32
414.45	141
414.45	143
414.45	144
414.45	147
414.45	148
414.45	150
414.45	151
414.45	154
414.45	155
414.45	157
414.45	158
414.45	160
414.45	161
414.45	162
414.47	139
414.47	140
414.47	146
414.47	153
414.47	164
414.47	165
414.62	136
414.62	137
414.62	142
414.62	145
414.62	149
414.62	152
414.62	156
414.62	159
414.62	168
414.62	169
414.65	166
414.67	0
414.67	163
414.67	167
414.87	135
414.87	138
424.77	35
424.77	36
424.77	43
424.77	44
424.77	45
424.77	54
424.77	105
424.77	115
424.77	116
424.77	124
424.77	125
424.77	126
424.77	127
424.77	132
424.77	133
424.77	134
424.80	37
424.80	38
424.80	39
424.80	40
424.80	41
424.80	42
424.80	46
424.80	47
424.80	48
424.80	49
424.80	50
424.80	51
424.80	52
424.80	53
424.80	55
424.80	56
424.80	57
424.80	58
424.80	60
424.80	61
424.80	62
424.80	63
424.80	64
424.80	65
424.80	66
424.80	67
424.80	73
424.80	74
424.80	75
424.80	76
424.80	77
424.80	82
424.80	83
424.80	84
424.80	85
424.80	86
424.80	87
424.80	92
424.80	93
424.80	94
424.80	95
424.80	96
424.80	97
424.80	102
424.80	103
424.80	104
424.80	106
424.80	107
424.80	108
424.80	109
424.80	110
424.80	111
424.80	112
424.80	113
424.80	114
424.80	117
424.80	118
424.80	119
424.80	120
424.80	121
424.80	122
424.80	123
424.80	128
424.80	129
424.80	130
424.80	131
424.82	59
424.82	68
424.82	69
424.82	70
424.82	71
424.82	72
424.82	78
424.82	79
424.82	80
424.82	81
424.82	88
424.82	89
424.82	90
424.82	91
424.82	98
424.82	99
424.82	100
424.82	101
428.10	12
428.10	13
428.10	15
428.10	16
428.10	19
428.10	20
428.10	23
428.12	8
428.12	9
428.12	22
428.12	26
428.12	27
428.27	5
428.27	6
428.27	11
428.27	18
428.27	25
428.27	29
428.27	30
428.50	4
428.75	17
428.75	24
428.77	1
428.77	2
428.77	14
428.77	21
428.77	33
428.80	10
428.80	34
428.82	7
429.12	31
429.15	28
429.15	32
429.82	3
435.70	179
435.70	260
435.70	269
435.72	170
435.72	171
435.72	172
435.72	173
435.72	174
435.72	175
435.72	176
435.72	177
435.72	178
435.72	180
435.72	181
435.72	182
435.72	183
435.72	184
435.72	185
435.72	186
435.72	187
435.72	188
435.72	189
435.72	190
435.72	191
435.72	192
435.72	193
435.72	194
435.72	195
435.72	196
435.72	197
435.72	198
435.72	199
435.72	200
435.72	201
435.72	202
435.72	203
435.72	204
435.72	205
435.72	206
435.72	207
435.72	208
435.72	209
435.72	210
435.72	211
435.72	212
435.72	213
435.72	214
435.72	215
435.72	216
435.72	217
435.72	218
435.72	219
435.72	220
435.72	221
435.72	222
435.72	223
435.72	224
435.72	225
435.72	226
435.72	227
435.72	228
435.72	229
435.72	230
435.72	231
435.72	232
435.72	233
435.72	234
435.72	235
435.72	236
435.72	237
435.72	238
435.72	239
435.72	240
435.72	241
435.72	242
435.72	243
435.72	244
435.72	245
435.72	246
435.72	247
435.72	248
435.72	249
435.72	250
435.72	251
435.72	252
435.72	253
435.72	254
435.72	255
435.72	256
435.72	257
435.72	258
435.72	259
435.72	261
435.72	262
435.72	263
435.72	264
435.72	265
435.72	266
435.72	267
435.72	268
438.35	143
438.35	144
438.35	147
438.35	148
438.35	150
438.35	151
438.35	154
438.35	155
438.35	157
438.35	158
438.35	161
438.35	162
438.37	140
438.37	141
438.37	146
438.37	153
438.37	160
438.37	164
438.37	165
438.40	139
438.55	136
438.55	137
438.55	142
438.55	145
438.55	149
438.55	152
438.55	156
438.55	159
438.55	168
438.55	169
438.57	163
438.57	166
438.57	167
438.80	135
438.80	138
440.05	125
440.05	134
440.07	35
440.07	36
440.07	37
440.07	38
440.07	39
440.07	40
440.07	41
440.07	42
440.07	43
440.07	44
440.07	45
440.07	46
440.07	53
440.07	54
440.07	55
440.07	56
440.07	64
440.07	65
440.07	74
440.07	75
440.07	84
440.07	85
440.07	94
440.07	95
440.07	104
440.07	105
440.07	106
440.07	114
440.07	115
440.07	116
440.07	117
440.07	122
440.07	123
440.07	124
440.07	126
440.07	127
440.07	128
440.07	129
440.07	130
440.07	131
440.07	132
440.07	133
440.10	47
440.10	48
440.10	49
440.10	50
440.10	51
440.10	52
440.10	57
440.10	58
440.10	59
440.10	60
440.10	61
440.10	62
440.10	63
440.10	66
440.10	67
440.10	68
440.10	69
440.10	70
440.10	71
440.10	72
440.10	73
440.10	76
440.10	77
440.10	78
440.10	79
440.10	80
440.10	81
440.10	82
440.10	83
440.10	86
440.10	87
440.10	88
440.10	89
440.10	90
440.10	91
440.10	92
440.10	93
440.10	96
440.10	97
440.10	98
440.10	99
440.10	100
440.10	101
440.10	102
440.10	103
440.10	107
440.10	108
440.10	109
440.10	110
440.10	111
440.10	112
440.10	113
440.10	118
440.10	119
440.10	120
440.10	121
443.37	19
443.40	8
443.40	9
443.40	12
443.40	13
443.40	15
443.40	16
443.40	20
443.40	22
443.40	23
443.40	26
443.40	27
443.55	5
443.55	6
443.55	11
443.55	18
443.55	29
443.55	30
443.57	25
443.77	4
444.05	1
444.05	2
444.05	14
444.05	17
444.05	21
444.05	24
444.05	33
444.10	7
444.10	10
444.10	34
444.42	28
444.42	31
444.42	32
445.20	0
455.35	35
455.35	44
455.35	115
455.35	124
455.35	125
455.35	126
455.35	133
455.35	134
455.37	36
455.37	37
455.37	38
455.37	39
455.37	40
455.37	41
455.37	42
455.37	43
455.37	45
455.37	46
455.37	47
455.37	48
455.37	51
455.37	52
455.37	53
455.37	54
455.37	55
455.37	56
455.37	63
455.37	64
455.37	65
455.37	66
455.37	73
455.37	74
455.37	75
455.37	76
455.37	83
455.37	84
455.37	85
455.37	86
455.37	93
455.37	94
455.37	95
455.37	96
455.37	103
455.37	104
455.37	105
455.37	106
455.37	107
455.37	112
455.37	113
455.37	114
455.37	116
455.37	117
455.37	118
455.37	119
455.37	120
455.37	121
455.37	122
455.37	123
455.37	127
455.37	128
455.37	129
455.37	130
455.37	131
455.37	132
455.40	49
455.40	50
455.40	57
455.40	58
455.40	59
455.40	60
455.40	61
455.40	62
455.40	67
455.40	68
455.40	69
455.40	70
455.40	71
455.40	72
455.40	77
455.40	78
455.40	79
455.40	80
455.40	81
455.40	82
455.40	87
455.40	88
455.40	89
455.40	90
455.40	91
455.40	92
455.40	97
455.40	98
455.40	99
455.40	100
455.40	101
455.40	102
455.40	108
455.40	109
455.40	110
455.40	111
458.67	12
458.67	16
458.67	19
458.70	8
458.70	9
458.70	13
458.70	15
458.70	20
458.70	22
458.70	23
458.70	26
458.70	27
458.85	5
458.85	6
458.85	11
458.85	18
458.85	25
458.85	29
458.85	30
459.07	4
459.32	17
459.32	24
459.35	1
459.35	2
459.35	14
459.35	33
459.37	10
459.37	21
459.37	34
459.40	7
459.62	170
459.62	171
459.62	172
459.62	174
459.62	176
459.62	177
459.62	178
459.62	179
459.62	180
459.62	181
459.62	188
459.62	189
459.62	190
459.62	199
459.62	209
459.62	229
459.62	230
459.62	239
459.62	240
459.62	249
459.62	250
459.62	251
459.62	257
459.62	258
459.62	259
459.62	260
459.62	261
459.62	262
459.62	263
459.62	264
459.62	266
459.62	267
459.62	268
459.62	269
459.65	173
459.65	175
459.65	182
459.65	183
459.65	184
459.65	185
459.65	186
459.65	187
459.65	191
459.65	192
459.65	193
459.65	194
459.65	195
459.65	196
459.65	197
459.65	198
459.65	200
459.65	201
459.65	202
459.65	203
459.65	204
459.65	205
459.65	206
459.65	207
459.65	208
459.65	210
459.65	211
459.65	212
459.65	213
459.65	214
459.65	215
459.65	216
459.65	217
459.65	218
459.65	219
459.65	220
459.65	221
459.65	222
459.65	223
459.65	224
459.65	225
459.65	226
459.65	227
459.65	228
459.65	231
459.65	232
459.65	233
459.65	234
459.65	235
459.65	236
459.65	237
459.65	238
459.65	241
459.65	242
459.65	243
459.65	244
459.65	245
459.65	246
459.65	247
459.65	248
459.65	252
459.65	253
459.65	254
459.65	255
459.65	256
459.65	265
459.70	31
459.72	28
459.72	32
460.37	3
462.27	141
462.27	143
462.27	144
462.27	147
462.27	148
462.27	150
462.27	151
462.27	154
462.27	155
462.27	157
462.27	158
462.27	161
462.27	162
462.30	140
462.30	146
462.30	153
462.30	160
462.30	164
462.30	165
462.32	139
462.45	137
462.45	142
462.45	145
462.45	152
462.45	156
462.45	159
462.45	168
462.45	169
462.47	136
462.47	149
462.50	163
462.50	166
462.50	167
462.70	135
462.70	138
470.65	35
470.65	36
470.65	43
470.65	44
470.65	45
470.65	54
470.65	115
470.65	124
470.65	125
470.65	126
470.65	127
470.65	132
470.65	133
470.65	134
470.67	37
470.67	38
470.67	39
470.67	40
470.67	41
470.67	42
470.67	46
470.67	47
470.67	48
470.67	49
470.67	50
470.67	51
470.67	52
470.67	53
470.67	55
470.67	56
470.67	57
470.67	58
470.67	59
470.67	60
470.67	61
470.67	62
470.67	63
470.67	64
470.67	65
470.67	66
470.67	67
470.67	72
470.67	73
470.67	74
470.67	75
470.67	76
470.67	77
470.67	82
470.67	83
470.67	84
470.67	85
470.67	86
470.67	87
470.67	92
470.67	93
470.67	94
470.67	95
470.67	96
470.67	97
470.67	102
470.67	103
470.67	104
470.67	105
470.67	106
470.67	107
470.67	108
470.67	109
470.67	110
470.67	111
470.67	112
470.67	113
470.67	114
470.67	116
470.67	117
470.67	118
470.67	119
470.67	120
470.67	121
470.67	122
470.67	123
470.67	128
470.67	129
470.67	130
470.67	131
470.70	68
470.70	69
470.70	70
470.70	71
470.70	78
470.70	79
470.70	80
470.70	81
470.70	88
470.70	89
470.70	90
470.70	91
470.70	98
470.70	99
470.70	100
470.70	101
473.97	12
473.97	15
473.97	16
473.97	19
473.97	20
473.97	22
473.97	23
474.00	8
474.00	9
474.00	13
474.00	26
474.00	27
474.12	5
474.12	18
474.15	6
474.15	11
474.15	25
474.15	29
474.15	30
474.35	4
474.62	2
474.62	14
474.62	17
474.62	33
474.65	1
474.65	21
474.65	24
474.67	7
474.67	10
474.67	34
475.00	28
475.00	31
475.00	32
475.75	0
483.55	170
483.55	171
483.55	172
483.55	173
483.55	174
483.55	175
483.55	176
483.55	177
483.55	178
483.55	179
483.55	180
483.55	181
483.55	182
483.55	183
483.55	187
483.55	188
483.55	189
483.55	190
483.55	191
483.55	192
483.55	197
483.55	198
483.55	199
483.55	200
483.55	201
483.55	208
483.55	209
483.55	210
483.55	211
483.55	218
483.55	219
483.55	220
483.55	221
483.55	228
483.55	229
483.55	230
483.55	231
483.55	238
483.55	239
483.55	240
483.55	241
483.55	242
483.55	243
483.55	247
483.55	248
483.55	249
483.55	250
483.55	251
483.55	252
483.55	253
483.55	254
483.55	255
483.55	256
483.55	257
483.55	258
483.55	259
483.55	260
483.55	261
483.55	262
483.55	263
483.55	264
483.55	265
483.55	266
483.55	267
483.55	268
483.55	269
483.57	184
483.57	185
483.57	186
483.57	193
483.57	194
483.57	195
483.57	196
483.57	202
483.57	203
483.57	204
483.57	205
483.57	206
483.57	207
483.57	212
483.57	213
483.57	214
483.57	215
483.57	216
483.57	217
483.57	222
483.57	223
483.57	224
483.57	225
483.57	226
483.57	227
483.57	232
483.57	233
483.57	234
483.57	235
483.57	236
483.57	237
483.57	244
483.57	245
483.57	246
485.95	35
485.95	36
485.95	43
485.95	44
485.95	45
485.95	54
485.95	55
485.95	64
485.95	105
485.95	114
485.95	115
485.95	116
485.95	123
485.95	124
485.95	125
485.95	126
485.95	127
485.95	128
485.95	130
485.95	131
485.95	132
485.95	133
485.95	134
485.97	37
485.97	38
485.97	39
485.97	40
485.97	41
485.97	42
485.97	46
485.97	47
485.97	48
485.97	49
485.97	50
485.97	51
485.97	52
485.97	53
485.97	56
485.97	57
485.97	58
485.97	59
485.97	60
485.97	61
485.97	62
485.97	63
485.97	65
485.97	66
485.97	67
485.97	68
485.97	69
485.97	71
485.97	72
485.97	73
485.97	74
485.97	75
485.97	76
485.97	77
485.97	78
485.97	82
485.97	83
485.97	84
485.97	85
485.97	86
485.97	87
485.97	88
485.97	89
485.97	91
485.97	92
485.97	93
485.97	94
485.97	95
485.97	96
485.97	97
485.97	98
485.97	99
485.97	100
485.97	101
485.97	102
485.97	103
485.97	104
485.97	106
485.97	107
485.97	108
485.97	109
485.97	110
485.97	111
485.97	112
485.97	113
485.97	117
485.97	118
485.97	119
485.97	120
485.97	121
485.97	122
485.97	129
486.00	70
486.00	79
486.00	80
486.00	81
486.00	90
486.17	162
486.20	140
486.20	141
486.20	143
486.20	144
486.20	146
486.20	147
486.20	148
486.20	150
486.20	151
486.20	154
486.20	155
486.20	157
486.20	158
486.20	160
486.20	161
486.20	164
486.20	165
486.22	139
486.22	153
486.37	136
486.37	137
486.37	142
486.37	145
486.37	149
486.37	152
486.37	156
486.37	159
486.37	168
486.37	169
486.40	163
486.40	166
486.40	167
486.62	135
486.62	138
489.25	19
489.27	8
489.27	9
489.27	12
489.27	13
489.27	15
489.27	16
489.27	20
489.27	22
489.27	23
489.27	26
489.27	27
489.42	5
489.42	6
489.42	18
489.42	29
489.42	30
489.45	11
489.45	25
489.65	4
489.92	2
489.92	17
489.92	24
489.92	33
489.95	1
489.95	10
489.95	14
489.95	21
489.97	7
489.97	34
490.27	31
490.30	28
490.30	32
490.97	3
501.22	125
501.22	134
501.25	35
501.25	36
501.25	37
501.25	38
501.25	39
501.25	40
501.25	41
501.25	42
501.25	43
501.25	44
501.25	45
501.25	46
501.25	53
501.25	54
501.25	55
501.25	64
501.25	65
501.25	74
501.25	75
501.25	84
501.25	85
501.25	94
501.25	95
501.25	104
501.25	105
501.25	106
501.25	114
501.25	115
501.25	116
501.25	117
501.25	122
501.25	123
501.25	124
501.25	126
501.25	127
501.25	128
501.25	129
501.25	130
501.25	131
501.25	132
501.25	133
501.27	47
501.27	48
501.27	49
501.27	50
501.27	51
501.27	52
501.27	56
501.27	57
501.27	58
501.27	59
501.27	60
501.27	61
501.27	62
501.27	63
501.27	66
501.27	67
501.27	68
501.27	69
501.27	70
501.27	71
501.27	72
501.27	73
501.27	76
501.27	77
501.27	78
501.27	79
501.27	80
501.27	81
501.27	82
501.27	83
501.27	86
501.27	87
501.27	88
501.27	89
501.27	90
501.27	91
501.27	92
501.27	93
501.27	96
501.27	97
501.27	98
501.27	99
501.27	100
501.27	101
501.27	102
501.27	103
501.27	107
501.27	108
501.27	109
501.27	110
501.27	111
501.27	112
501.27	113
501.27	118
501.27	119
501.27	120
501.27	121
504.55	19
504.57	8
504.57	9
504.57	12
504.57	13
504.57	15
504.57	16
504.57	20
504.57	22
504.57	23
504.57	26
504.57	27
504.72	5
504.72	6
504.72	11
504.72	18
504.72	25
504.72	29
504.72	30
504.95	4
505.22	1
505.22	2
505.22	14
505.22	17
505.22	21
505.22	24
505.22	33
505.25	10
505.25	34
505.27	7
505.57	31
505.60	28
505.60	32
506.32	0
507.47	170
507.47	171
507.47	172
507.47	173
507.47	174
507.47	175
507.47	176
507.47	177
507.47	178
507.47	179
507.47	180
507.47	181
507.47	182
507.47	183
507.47	184
507.47	185
507.47	186
507.47	187
507.47	188
507.47	189
507.47	190
507.47	191
507.47	192
507.47	193
507.47	194
507.47	195
507.47	196
507.47	197
507.47	198
507.47	199
507.47	200
507.47	201
507.47	202
507.47	203
507.47	204
507.47	205
507.47	206
507.47	207
507.47	208
507.47	209
507.47	210
507.47	211
507.47	212
507.47	213
507.47	214
507.47	215
507.47	216
507.47	217
507.47	218
507.47	219
507.47	220
507.47	221
507.47	222
507.47	223
507.47	224
507.47	225
507.47	226
507.47	227
507.47	228
507.47	229
507.47	230
507.47	231
507.47	232
507.47	233
507.47	234
507.47	235
507.47	236
507.47	237
507.47	238
507.47	239
507.47	240
507.47	241
507.47	242
507.47	243
507.47	244
507.47	245
507.47	246
507.47	247
507.47	248
507.47	249
507.47	250
507.47	251
507.47	252
507.47	253
507.47	254
507.47	255
507.47	256
507.47	257
507.47	258
507.47	259
507.47	260
507.47	261
507.47	262
507.47	263
507.47	264
507.47	265
507.47	266
507.47	267
507.47	268
507.47	269
510.10	143
510.10	144
510.10	147
510.10	148
510.10	150
510.10	151
510.10	154
510.10	155
510.10	157
510.10	158
510.10	161
510.10	162
510.12	140
510.12	141
510.12	146
510.12	153
510.12	160
510.12	164
510.12	165
510.15	139
510.30	136
510.30	137
510.30	142
510.30	145
510.30	149
510.30	152
510.30	156
510.30	159
510.30	168
510.30	169
510.32	163
510.32	166
510.32	167
510.55	135
510.55	138
516.52	125
516.52	134
516.55	35
516.55	36
516.55	37
516.55	38
516.55	39
516.55	41
516.55	42
516.55	43
516.55	44
516.55	45
516.55	46
516.55	53
516.55	54
516.55	55
516.55	56
516.55	64
516.55	65
516.55	74
516.55	75
516.55	84
516.55	85
516.55	94
516.55	95
516.55	104
516.55	105
516.55	106
516.55	113
516.55	114
516.55	115
516.55	116
516.55	117
516.55	118
516.55	121
516.55	122
516.55	123
516.55	124
516.55	126
516.55	127
516.55	128
516.55	129
516.55	130
516.55	131
516.55	132
516.55	133
516.57	40
516.57	47
516.57	48
516.57	49
516.57	50
516.57	51
516.57	52
516.57	57
516.57	58
516.57	59
516.57	60
516.57	61
516.57	62
516.57	63
516.57	66
516.57	67
516.57	68
516.57	69
516.57	70
516.57	71
516.57	72
516.57	73
516.57	76
516.57	77
516.57	78
516.57	79
516.57	80
516.57	81
516.57	82
516.57	83
516.57	86
516.57	87
516.57	88
516.57	89
516.57	90
516.57	91
516.57	92
516.57	93
516.57	96
516.57	97
516.57	98
516.57	99
516.57	100
516.57	101
516.57	102
516.57	103
516.57	107
516.57	108
516.57	109
516.57	110
516.57	111
516.57	112
516.57	119
516.57	120
519.85	16
519.85	19
519.87	8
519.87	9
519.87	12
519.87	13
519.87	15
519.87	20
519.87	22
519.87	23
519.87	26
519.87	27
520.02	5
520.02	6
520.02	11
520.02	18
520.02	29
520.02	30
520.05	25
520.25	4
520.50	17
520.52	1
520.52	2
520.52	14
520.52	24
520.52	33
520.55	10
520.55	21
520.55	34
520.57	7
520.87	31
520.90	28
520.90	32
521.55	3
531.37	170
531.37	179
531.37	259
531.37	260
531.37	268
531.37	269
531.40	171
531.40	172
531.40	173
531.40	174
531.40	175
531.40	176
531.40	177
531.40	178
531.40	180
531.40	181
531.40	182
531.40	183
531.40	184
531.40	185
531.40	186
531.40	187
531.40	188
531.40	189
531.40	190
531.40	191
531.40	192
531.40	193
531.40	194
531.40	195
531.40	196
531.40	197
531.40	198
531.40	199
531.40	200
531.40	201
531.40	202
531.40	203
531.40	204
531.40	205
531.40	206
531.40	207
531.40	208
531.40	209
531.40	210
531.40	211
531.40	212
531.40	213
531.40	214
531.40	215
531.40	216
531.40	217
531.40	218
531.40	219
531.40	220
531.40	221
531.40	222
531.40	223
531.40	224
531.40	225
531.40	226
531.40	227
531.40	228
531.40	229
531.40	230
531.40	231
531.40	232
531.40	233
531.40	234
531.40	235
531.40	236
531.40	237
531.40	238
531.40	239
531.40	240
531.40	241
531.40	242
531.40	243
531.40	244
531.40	245
531.40	246
531.40	247
531.40	248
531.40	249
531.40	250
531.40	251
531.40	252
531.40	253
531.40	254
531.40	255
531.40	256
531.40	257
531.40	258
531.40	261
531.40	262
531.40	263
531.40	264
531.40	265
531.40	266
531.40	267
531.82	35
531.82	125
531.82	134
531.85	36
531.85	37
531.85	38
531.85	39
531.85	40
531.85	41
531.85	42
531.85	43
531.85	44
531.85	45
531.85	46
531.85	47
531.85	52
531.85	53
531.85	54
531.85	55
531.85	56
531.85	63
531.85	64
531.85	65
531.85	74
531.85	75
531.85	84
531.85	85
531.85	94
531.85	95
531.85	104
531.85	105
531.85	106
531.85	113
531.85	114
531.85	115
531.85	116
531.85	117
531.85	122
531.85	123
531.85	124
531.85	126
531.85	127
531.85	128
531.85	129
531.85	130
531.85	131
531.85	132
531.85	133
531.87	48
531.87	49
531.87	50
531.87	51
531.87	57
531.87	58
531.87	59
531.87	60
531.87	61
531.87	62
531.87	66
531.87	67
531.87	68
531.87	69
531.87	70
531.87	71
531.87	72
531.87	73
531.87	76
531.87	77
531.87	78
531.87	79
531.87	80
531.87	81
531.87	82
531.87	83
531.87	86
531.87	87
531.87	88
531.87	89
531.87	90
531.87	91
531.87	92
531.87	93
531.87	96
531.87	97
531.87	98
531.87	99
531.87	100
531.87	101
531.87	102
531.87	103
531.87	107
531.87	108
531.87	109
531.87	110
531.87	111
531.87	112
531.87	118
531.87	119
531.87	120
531.87	121
534.02	143
534.02	144
534.02	147
534.02	148
534.02	150
534.02	151
534.02	154
534.02	155
534.02	157
534.02	158
534.02	161
534.02	162
534.05	140
534.05	141
534.05	146
534.05	153
534.05	160
534.05	164
534.05	165
534.07	139
534.20	169
534.22	136
534.22	137
534.22	142
534.22	145
534.22	149
534.22	152
534.22	156
534.22	159
534.22	168
534.25	163
534.25	166
534.25	167
534.47	135
534.47	138
535.15	16
535.15	19
535.17	8
535.17	9
535.17	12
535.17	13
535.17	15
535.17	20
535.17	22
535.17	23
535.17	26
535.17	27
535.32	5
535.32	6
535.32	11
535.32	18
535.32	25
535.32	29
535.32	30
535.55	4
535.82	1
535.82	2
535.82	14
535.82	17
535.82	21
535.82	24
535.82	33
535.85	7
535.85	10
535.85	34
536.17	28
536.17	31
536.17	32
536.92	0
547.12	125
547.12	134
547.15	35
547.15	36
547.15	37
547.15	38
547.15	41
547.15	42
547.15	43
547.15	44
547.15	45
547.15	46
547.15	53
547.15	54
547.15	55
547.15	64
547.15	65
547.15	74
547.15	75
547.15	84
547.15	85
547.15	94
547.15	95
547.15	104
547.15	105
547.15	106
547.15	113
547.15	114
547.15	115
547.15	116
547.15	117
547.15	122
547.15	123
547.15	124
547.15	126
547.15	127
547.15	128
547.15	129
547.15	130
547.15	131
547.15	132
547.15	133
547.17	39
547.17	40
547.17	47
547.17	48
547.17	49
547.17	50
547.17	51
547.17	52
547.17	56
547.17	57
547.17	58
547.17	59
547.17	60
547.17	61
547.17	62
547.17	63
547.17	66
547.17	67
547.17	68
547.17	69
547.17	70
547.17	71
547.17	72
547.17	73
547.17	76
547.17	77
547.17	78
547.17	79
547.17	80
547.17	81
547.17	82
547.17	83
547.17	86
547.17	87
547.17	88
547.17	89
547.17	90
547.17	91
547.17	92
547.17	93
547.17	96
547.17	97
547.17	98
547.17	99
547.17	100
547.17	101
547.17	102
547.17	103
547.17	107
547.17	108
547.17	109
547.17	110
547.17	111
547.17	112
547.17	118
547.17	119
547.17	120
547.17	121
